0,100
1,101
2,102
3,103
4,104
5,105
6,104
7,103
8,102
9,103
10,104
11,105
12,104
13,103
14,102
15,101
16,100
17,99
18,100
19,99
20,100
21,101
22,102
23,101
24,102
25,101
26,102
27,101
28,100
29,101
30,102
31,103
32,102
33,101
34,102
35,103
36,102
37,101
38,100
39,101
40,100
41,101
42,102
43,102
44,103
45,104
46,105
47,104
48,105
49,105
50,106
51,105
52,106
53,105
54,104
55,105
56,105
57,106
58,107
59,106
60,105
61,104
62,105
63,106
64,105
65,104
66,105
67,104
68,105
69,104
70,104
71,103
72,102
73,103
74,102
75,103
76,102
77,103
78,102
79,101
80,100
81,101
82,100
83,99
84,98
85,97
86,96
87,95
88,94
89,93
90,92
91,91
92,90
93,89
94,88
95,89
96,90
97,91
98,92
99,93
100,92
101,91
102,90
103,91
104,92
105,93
106,92
107,91
108,90
109,91
110,92
111,92
112,91
113,92
114,91
115,92
116,93
117,92
118,93
119,92
120,93
121,92
122,91
123,90
124,91
125,92
126,91
127,91
128,92
129,91
130,92
131,93
132,94
133,95
134,96
135,95
136,94
137,95
138,96
139,95
140,94
141,93
142,94
143,93
144,92
145,93
146,92
147,93
148,92
149,91
150,90
151,89
152,88
153,87
154,86
155,87
156,88
157,87
158,88
159,89
160,90
161,90
162,91
163,92
164,93
165,94
166,95
167,94
168,93
169,92
170,93
171,92
172,91
173,92
174,93
175,94
176,95
177,94
178,93
179,92
180,91
181,92
182,93
183,93
184,92
185,92
186,93
187,94
188,93
189,94
190,95
191,94
192,93
193,94
194,93
195,92
196,91
197,90
198,89
199,88
200,87
201,86
202,87
203,88
204,87
205,88
206,87
207,86
208,85
209,84
210,83
211,83
212,82
213,83
214,84
215,85
216,86
217,85
218,86
219,85
220,84
221,83
222,84
223,85
224,86
225,87
226,86
227,87
228,88
229,87
230,88
231,87
232,87
233,86
234,85
235,85
236,86
237,85
238,84
239,83
240,84
241,83
242,82
243,83
244,82
245,81
246,80
247,79
248,78
249,77
250,77
251,78
252,77
253,78
254,77
255,76
256,77
257,77
258,76
259,77
260,78
261,77
262,78
263,78
264,78
265,79
266,78
267,77
268,76
269,75
270,76
271,75
272,76
273,77
274,76
275,77
276,78
277,77
278,76
279,77
280,78
281,77
282,76
283,75
284,74
285,74
286,73
287,74
288,73
289,72
290,72
291,71
292,70
293,71
294,72
295,73
296,74
297,73
298,72
299,71
300,72
301,71
302,72
303,73
304,72
305,71
306,72
307,73
308,72
309,72
310,71
311,72
312,71
313,70
314,70
315,69
316,70
317,71
318,72
319,73
320,72
321,73
322,72
323,71
324,70
325,69
326,68
327,69
328,68
329,69
330,69
331,69
332,70
333,71
334,70
335,71
336,70
337,69
338,70
339,69
340,68
341,67
342,68
343,67
344,68
345,67
346,68
347,69
348,68
349,69
350,70
351,69
352,70
353,71
354,72
355,73
356,72
357,73
358,74
359,75
360,76
361,77
362,76
363,77
364,78
365,78
366,77
367,76
368,77
369,78
370,79
371,80
372,79
373,80
374,79
375,80
376,81
377,80
378,81
379,80
380,81
381,81
382,80
383,81
384,80
385,81
386,80
387,81
388,80
389,81
390,82
391,83
392,84
393,83
394,82
395,83
396,84
397,85
398,84
399,85
400,86
401,85
402,84
403,83
404,83
405,83
406,82
407,83
408,84
409,83
410,84
411,83
412,84
413,85
414,85
415,84
416,83
417,84
418,83
419,84
420,85
421,84
422,83
423,82
424,83
425,82
426,83
427,84
428,85
429,84
430,83
431,84
432,85
433,86
434,87
435,88
436,87
437,88
438,89
439,90
440,91
441,92
442,91
443,90
444,91
445,90
446,91
447,90
448,91
449,90
450,89
451,88
452,87
453,86
454,85
455,86
456,85
457,84
458,83
459,84
460,85
461,84
462,85
463,86
464,85
465,84
466,83
467,82
468,81
469,80
470,81
471,82
472,82
473,82
474,83
475,82
476,83
477,82
478,81
479,82
480,81
481,80
482,79
483,78
484,77
485,78
486,79
487,78
488,77
489,76
490,75
491,76
492,77
493,76
494,75
495,74
496,73
497,74
498,75
499,76
500,77
501,78
502,79
503,78
504,77
505,78
506,77
507,76
508,75
509,74
510,75
511,74
512,73
513,72
514,73
515,73
516,74
517,74
518,73
519,72
520,73
521,72
522,73
523,73
524,74
525,73
526,73
527,72
528,73
529,74
530,73
531,72
532,72
533,71
534,70
535,71
536,70
537,69
538,68
539,69
540,69
541,70
542,69
543,68
544,69
545,70
546,69
547,68
548,67
549,68
550,67
551,68
552,68
553,67
554,68
555,67
556,66
557,67
558,68
559,67
560,66
561,65
562,66
563,65
564,66
565,65
566,66
567,67
568,67
569,66
570,65
571,64
572,65
573,66
574,67
575,66
576,67
577,67
578,68
579,69
580,68
581,69
582,68
583,69
584,69
585,68
586,69
587,70
588,69
589,70
590,71
591,72
592,71
593,71
594,72
595,73
596,74
597,75
598,74
599,75
600,74
601,73
602,72
603,71
604,70
605,69
606,69
607,68
608,68
609,69
610,68
611,69
612,68
613,67
614,66
615,65
616,66
617,67
618,66
619,66
620,65
621,64
622,65
623,64
624,63
625,64
626,63
627,64
628,65
629,66
630,66
631,67
632,68
633,69
634,68
635,67
636,66
637,65
638,66
639,65
640,64
641,65
642,66
643,67
644,68
645,67
646,66
647,66
648,67
649,67
650,66
651,66
652,65
653,66
654,65
655,65
656,65
657,64
658,65
659,66
660,65
661,65
662,66
663,67
664,68
665,67
666,68
667,69
668,68
669,67
670,66
671,65
672,66
673,65
674,66
675,65
676,66
677,67
678,68
679,67
680,66
681,65
682,66
683,67
684,67
685,66
686,65
687,66
688,65
689,66
690,65
691,66
692,65
693,64
694,63
695,62
696,62
697,63
698,62
699,63
700,64
701,64
702,63
703,64
704,63
705,62
706,63
707,64
708,65
709,66
710,67
711,68
712,69
713,68
714,69
715,68
716,67
717,66
718,65
719,66
720,65
721,64
722,63
723,62
724,63
725,64
726,65
727,64
728,65
729,66
730,65
731,66
732,67
733,67
734,68
735,69
736,70
737,69
738,70
739,71
740,72
741,71
742,72
743,73
744,72
745,73
746,72
747,73
748,72
749,71
750,72
751,73
752,72
753,71
754,72
755,71
756,70
757,71
758,71
759,70
760,71
761,71
762,70
763,69
764,70
765,71
766,70
767,69
768,68
769,67
770,68
771,67
772,68
773,67
774,66
775,65
776,64
777,63
778,62
779,62
780,61
781,62
782,63
783,62
784,61
785,60
786,59
787,58
788,57
789,56
790,57
791,58
792,57
793,56
794,55
795,56
796,57
797,56
798,55
799,54
800,54
801,53
802,52
803,51
804,50
805,51
806,50
807,51
808,50
809,49
810,48
811,49
812,48
813,47
814,46
815,47
816,46
817,47
818,46
819,46
820,47
821,46
822,45
823,44
824,45
825,46
826,47
827,48
828,47
829,48
830,49
831,48
832,49
833,50
834,49
835,50
836,51
837,52
838,51
839,50
840,51
841,51
842,52
843,53
844,52
845,51
846,52
847,52
848,51
849,52
850,51
851,52
852,53
853,52
854,51
855,50
856,51
857,50
858,51
859,50
860,49
861,50
862,51
863,50
864,51
865,52
866,51
867,51
868,50
869,49
870,48
871,47
872,48
873,49
874,50
875,49
876,50
877,51
878,52
879,53
880,52
881,51
882,50
883,49
884,48
885,48
886,49
887,50
888,49
889,50
890,49
891,50
892,49
893,50
894,49
895,50
896,49
897,50
898,51
899,51
900,52
901,51
902,52
903,51
904,52
905,52
906,51
907,50
908,51
909,52
910,53
911,54
912,53
913,52
914,53
915,53
916,54
917,53
918,52
919,51
920,50
921,49
922,50
923,51
924,52
925,53
926,54
927,53
928,54
929,55
930,54
931,54
932,53
933,52
934,53
935,52
936,53
937,54
938,55
939,56
940,55
941,56
942,55
943,55
944,54
945,55
946,56
947,55
948,56
949,57
950,58
951,59
952,58
953,59
954,60
955,61
956,60
957,59
958,58
959,57
960,56
961,57
962,56
963,55
964,56
965,55
966,56
967,55
968,54
969,53
970,54
971,55
972,56
973,55
974,54
975,54
976,53
977,54
978,55
979,56
980,55
981,56
982,55
983,56
984,55
985,54
986,55
987,56
988,57
989,56
990,57
991,56
992,57
993,58
994,57
995,58
996,57
997,57
998,58
999,59
1000,58
1001,57
1002,56
1003,57
1004,57
1005,56
1006,57
1007,58
1008,57
1009,56
1010,56
1011,57
1012,56
1013,57
1014,57
1015,56
1016,57
1017,58
1018,59
1019,58
1020,57
1021,57
1022,56
1023,55
1024,54
1025,55
1026,55
1027,56
1028,55
1029,54
1030,55
1031,56
1032,55
1033,54
1034,55
1035,56
1036,55
1037,56
1038,57
1039,56
1040,56
1041,55
1042,54
1043,53
1044,53
1045,54
1046,53
1047,52
1048,53
1049,52
1050,53
1051,52
1052,53
1053,52
1054,52
1055,51
1056,50
1057,50
1058,50
1059,49
1060,50
1061,49
1062,50
1063,51
1064,50
1065,51
1066,52
1067,51
1068,52
1069,51
1070,52
1071,53
1072,52
1073,53
1074,52
1075,53
1076,52
1077,51
1078,50
1079,49
1080,50
1081,51
1082,50
1083,49
1084,48
1085,47
1086,46
1087,45
1088,44
1089,45
1090,45
1091,45
1092,46
1093,45
1094,44
1095,45
1096,44
1097,45
1098,46
1099,45
1100,44
1101,45
1102,44
1103,43
1104,44
1105,43
1106,42
1107,41
1108,42
1109,43
1110,42
1111,42
1112,41
1113,42
1114,43
1115,42
1116,43
1117,42
1118,43
1119,42
1120,42
1121,43
1122,42
1123,41
1124,42
1125,41
1126,40
1127,41
1128,40
1129,41
1130,42
1131,43
1132,42
1133,41
1134,41
1135,42
1136,43
1137,42
1138,43
1139,44
1140,45
1141,46
1142,45
1143,44
1144,43
1145,44
1146,45
1147,44
1148,44
1149,43
1150,42
1151,43
1152,42
1153,43
1154,44
1155,43
1156,42
1157,41
1158,42
1159,42
1160,43
1161,43
1162,44
1163,43
1164,44
1165,45
1166,44
1167,45
1168,44
1169,45
1170,46
1171,45
1172,46
1173,47
1174,48
1175,49
1176,50
1177,49
1178,48
1179,49
1180,48
1181,47
1182,46
1183,45
1184,46
1185,47
1186,46
1187,47
1188,48
1189,47
1190,48
1191,47
1192,46
1193,47
1194,46
1195,46
1196,45
1197,46
1198,47
1199,48
1200,48
1201,49
1202,50
1203,51
1204,52
1205,52
1206,53
1207,52
1208,53
1209,53
1210,54
1211,55
1212,56
1213,57
1214,56
1215,57
1216,58
1217,57
1218,58
1219,57
1220,56
1221,57
1222,56
1223,55
1224,55
1225,54
1226,55
1227,56
1228,57
1229,56
1230,57
1231,58
1232,57
1233,57
1234,58
1235,57
1236,58
1237,57
1238,56
1239,55
1240,54
1241,53
1242,52
1243,52
1244,53
1245,53
1246,52
1247,53
1248,54
1249,53
1250,52
1251,51
1252,52
1253,51
1254,50
1255,49
1256,48
1257,49
1258,48
1259,49
1260,50
1261,51
1262,52
1263,53
1264,54
1265,53
1266,54
1267,53
1268,54
1269,55
1270,54
1271,53
1272,52
1273,51
1274,52
1275,51
1276,50
1277,49
1278,50
1279,49
1280,48
1281,48
1282,48
1283,47
1284,46
1285,47
1286,46
1287,47
1288,46
1289,46
1290,47
1291,46
1292,45
1293,46
1294,45
1295,46
1296,47
1297,48
1298,47
1299,46
1300,47
1301,46
1302,47
1303,47
1304,46
1305,45
1306,44
1307,45
1308,46
1309,47
1310,48
1311,49
1312,50
1313,49
1314,49
1315,50
1316,51
1317,51
1318,52
1319,51
1320,52
1321,53
1322,54
1323,55
1324,54
1325,53
1326,54
1327,55
1328,56
1329,57
1330,56
1331,55
1332,55
1333,54
1334,53
1335,52
1336,53
1337,52
1338,53
1339,54
1340,53
1341,54
1342,53
1343,52
1344,51
1345,50
1346,49
1347,48
1348,47
1349,46
1350,47
1351,48
1352,49
1353,48
1354,49
1355,48
1356,49
1357,49
1358,48
1359,47
1360,46
1361,45
1362,44
1363,45
1364,45
1365,46
1366,46
1367,45
1368,46
1369,46
1370,47
1371,46
1372,47
1373,46
1374,45
1375,46
1376,47
1377,46
1378,45
1379,44
1380,43
1381,42
1382,41
1383,42
1384,43
1385,42
1386,41
1387,40
1388,39
1389,38
1390,37
1391,36
1392,35
1393,34
1394,35
1395,34
1396,35
1397,34
1398,35
1399,36
1400,35
1401,34
1402,35
1403,36
1404,37
1405,37
1406,36
1407,37
1408,38
1409,38
1410,37
1411,38
1412,37
1413,36
1414,37
1415,38
1416,37
1417,36
1418,35
1419,35
1420,36
1421,35
1422,34
1423,33
1424,32
1425,33
1426,32
1427,31
1428,32
1429,33
1430,32
1431,31
1432,30
1433,29
1434,28
1435,29
1436,30
1437,30
1438,29
1439,30
1440,31
1441,30
1442,31
1443,30
1444,29
1445,28
1446,29
1447,30
1448,29
1449,30
1450,31
1451,32
1452,31
1453,32
1454,33
1455,34
1456,35
1457,36
1458,37
1459,37
1460,38
1461,37
1462,36
1463,35
1464,35
1465,34
1466,34
1467,34
1468,35
1469,36
1470,37
1471,36
1472,35
1473,36
1474,37
1475,37
1476,36
1477,35
1478,36
1479,35
1480,36
1481,37
1482,38
1483,38
1484,39
1485,38
1486,39
1487,40
1488,41
1489,42
1490,43
1491,43
1492,42
1493,43
1494,44
1495,45
1496,45
1497,46
1498,45
1499,46
1500,45
1501,46
1502,46
1503,45
1504,46
1505,46
1506,47
1507,46
1508,45
1509,45
1510,46
1511,47
1512,47
1513,48
1514,47
1515,48
1516,49
1517,50
1518,49
1519,48
1520,49
1521,48
1522,49
1523,50
1524,49
1525,48
1526,49
1527,50
1528,51
1529,52
1530,51
1531,50
1532,50
1533,49
1534,48
1535,47
1536,48
1537,49
1538,48
1539,49
1540,50
1541,51
1542,52
1543,51
1544,52
1545,51
1546,50
1547,49
1548,50
1549,49
1550,50
1551,49
1552,48
1553,47
1554,48
1555,49
1556,50
1557,49
1558,48
1559,49
1560,50
1561,49
1562,48
1563,49
1564,50
1565,51
1566,52
1567,51
1568,50
1569,51
1570,50
1571,51
1572,50
1573,49
1574,50
1575,49
1576,48
1577,47
1578,46
1579,47
1580,48
1581,47
1582,46
1583,47
1584,48
1585,47
1586,46
1587,45
1588,46
1589,45
1590,44
1591,43
1592,44
1593,45
1594,44
1595,43
1596,42
1597,43
1598,42
1599,43
1600,42
1601,41
1602,40
1603,39
1604,40
1605,40
1606,41
1607,40
1608,41
1609,42
1610,43
1611,44
1612,43
1613,44
1614,43
1615,43
1616,44
1617,43
1618,42
1619,41
1620,42
1621,41
1622,42
1623,41
1624,40
1625,39
1626,40
1627,41
1628,41
1629,42
1630,41
1631,42
1632,41
1633,42
1634,41
1635,41
1636,40
1637,41
1638,42
1639,41
1640,42
1641,43
1642,42
1643,43
1644,42
1645,43
1646,42
1647,41
1648,40
1649,41
1650,41
1651,42
1652,41
1653,40
1654,41
1655,40
1656,39
1657,40
1658,40
1659,41
1660,40
1661,39
1662,38
1663,39
1664,38
1665,39
1666,40
1667,41
1668,42
1669,41
1670,41
1671,42
1672,41
1673,42
1674,41
1675,42
1676,41
1677,40
1678,41
1679,42
1680,43
1681,42
1682,41
1683,40
1684,39
1685,40
1686,39
1687,40
1688,39
1689,38
1690,39
1691,38
1692,39
1693,40
1694,41
1695,42
1696,41
1697,41
1698,40
1699,41
1700,42
1701,41
1702,42
1703,43
1704,42
1705,42
1706,43
1707,44
1708,43
1709,44
1710,43
1711,42
1712,42
1713,41
1714,40
1715,40
1716,41
1717,42
1718,43
1719,44
1720,45
1721,46
1722,47
1723,48
1724,49
1725,48
1726,48
1727,47
1728,47
1729,46
1730,45
1731,44
1732,45
1733,46
1734,47
1735,46
1736,45
1737,46
1738,45
1739,44
1740,45
1741,46
1742,45
1743,44
1744,43
1745,42
1746,42
1747,41
1748,40
1749,41
1750,42
1751,41
1752,40
1753,41
1754,40
1755,39
1756,38
1757,37
1758,38
1759,37
1760,37
1761,38
1762,37
1763,38
1764,39
1765,38
1766,39
1767,40
1768,40
1769,39
1770,40
1771,39
1772,38
1773,37
1774,36
1775,35
1776,36
1777,37
1778,37
1779,36
1780,35
1781,34
1782,33
1783,32
1784,32
1785,32
1786,33
1787,34
1788,33
1789,32
1790,31
1791,32
1792,33
1793,34
1794,35
1795,36
1796,35
1797,36
1798,37
1799,36
1800,36
1801,35
1802,34
1803,35
1804,34
1805,35
1806,36
1807,37
1808,36
1809,35
1810,35
1811,34
1812,33
1813,32
1814,33
1815,32
1816,31
1817,30
1818,31
1819,30
1820,31
1821,32
1822,33
1823,34
1824,35
1825,36
1826,37
1827,38
1828,37
1829,38
1830,37
1831,36
1832,35
1833,34
1834,35
1835,35
1836,34
1837,33
1838,34
1839,35
1840,36
1841,35
1842,36
1843,36
1844,35
1845,36
1846,37
1847,38
1848,37
1849,37
1850,38
1851,37
1852,38
1853,37
1854,37
1855,36
1856,35
1857,34
1858,35
1859,36
1860,35
1861,35
1862,35
1863,36
1864,35
1865,34
1866,33
1867,33
1868,34
1869,35
1870,34
1871,35
1872,34
1873,35
1874,35
1875,36
1876,35
1877,34
1878,33
1879,34
1880,35
1881,34
1882,33
1883,34
1884,35
1885,36
1886,35
1887,36
1888,37
1889,38
1890,39
1891,40
1892,41
1893,40
1894,41
1895,40
1896,39
1897,38
1898,37
1899,36
1900,35
1901,36
1902,37
1903,37
1904,38
1905,37
1906,36
1907,35
1908,34
1909,35
1910,34
1911,33
1912,32
1913,33
1914,34
1915,35
1916,34
1917,33
1918,33
1919,32
1920,33
1921,32
1922,31
1923,30
1924,30
1925,29
1926,28
1927,28
1928,29
1929,28
1930,27
1931,28
1932,27
1933,26
1934,27
1935,26
1936,27
1937,26
1938,27
1939,28
1940,27
1941,26
1942,27
1943,26
1944,27
1945,28
1946,27
1947,27
1948,26
1949,25
1950,24
1951,23
1952,22
1953,21
1954,20
1955,20
1956,19
1957,18
1958,17
1959,16
1960,15
1961,14
1962,14
1963,15
1964,16
1965,17
1966,16
1967,15
1968,16
1969,17
1970,16
1971,17
1972,16
1973,17
1974,16
1975,15
1976,14
1977,15
1978,16
1979,15
1980,16
1981,15
1982,15
1983,14
1984,13
1985,14
1986,13
1987,12
1988,13
1989,12
1990,13
1991,12
1992,13
1993,14
1994,15
1995,16
1996,17
1997,16
1998,17
1999,17
2000,16
2001,17
2002,16
2003,17
2004,18
2005,17
2006,16
2007,15
2008,15
2009,16
2010,15
2011,14
2012,13
2013,12
2014,13
2015,14
2016,15
2017,14
2018,15
2019,16
2020,17
2021,18
2022,17
2023,18
2024,19
2025,18
2026,18
2027,19
2028,20
2029,21
2030,22
2031,22
2032,23
2033,23
2034,24
2035,25
2036,24
2037,23
2038,24
2039,23
2040,23
2041,22
2042,22
2043,23
2044,24
2045,25
2046,24
2047,24
2048,23
2049,24
2050,25
2051,24
2052,23
2053,24
2054,25
2055,24
2056,23
2057,22
2058,23
2059,22
2060,23
2061,23
2062,24
2063,25
2064,26
2065,25
2066,24
2067,23
2068,22
2069,21
2070,20
2071,21
2072,22
2073,21
2074,21
2075,22
2076,22
2077,23
2078,22
2079,22
2080,23
2081,22
2082,23
2083,23
2084,22
2085,23
2086,22
2087,23
2088,22
2089,21
2090,20
2091,19
2092,20
2093,21
2094,20
2095,19
2096,19
2097,20
2098,19
2099,18
2100,19
2101,20
2102,19
2103,18
2104,19
2105,20
2106,19
2107,18
2108,17
2109,17
2110,18
2111,17
2112,17
2113,18
2114,17
2115,17
2116,17
2117,16
2118,15
2119,16
2120,15
2121,16
2122,15
2123,16
2124,15
2125,16
2126,15
2127,16
2128,15
2129,16
2130,17
2131,16
2132,15
2133,14
2134,13
2135,12
2136,11
2137,10
2138,9
2139,10
2140,9
2141,8
2142,7
2143,6
2144,7
2145,8
2146,9
2147,8
2148,7
2149,6
2150,5
2151,4
2152,3
2153,4
2154,3
2155,2
2156,3
2157,2
2158,1
2159,0
2160,1
2161,1
2162,0
2163,1
2164,0
2165,1
2166,0
2167,1
2168,2
2169,1
2170,0
2171,-1
2172,-2
2173,-1
2174,-2
2175,-3
2176,-4
2177,-5
2178,-4
2179,-5
2180,-6
2181,-7
2182,-8
2183,-7
2184,-6
2185,-5
2186,-5
2187,-5
2188,-4
2189,-5
2190,-4
2191,-3
2192,-4
2193,-3
2194,-1
2195,-1
2196,-1
2197,-2
2198,-1
2199,0
2200,-1
2201,-1
2202,-2
2203,-3
2204,-4
2205,-3
2206,-2
2207,-2
2208,-3
2209,-4
2210,-5
2211,-6
2212,-7
2213,-8
2214,-7
2215,-6
2216,-5
2217,-4
2218,-4
2219,-4
2220,-3
2221,-2
2222,-3
2223,-2
2224,-1
2225,-2
2226,-1
2227,-2
2228,-1
2229,-2
2230,-2
2231,-1
2232,0
2233,1
2234,2
2235,3
2236,2
2237,1
2238,0
2239,1
2240,2
2241,1
2242,0
2243,0
2244,1
2245,2
2246,1
2247,1
2248,2
2249,1
2250,2
2251,3
2252,2
2253,1
2254,1
2255,0
2256,-1
2257,0
2258,-1
2259,-2
2260,-1
2261,0
2262,1
2263,0
2264,1
2265,0
2266,1
2267,2
2268,2
2269,3
2270,2
2271,3
2272,4
2273,4
2274,3
2275,4
2276,5
2277,6
2278,6
2279,6
2280,5
2281,5
2282,6
2283,7
2284,6
2285,7
2286,6
2287,7
2288,7
2289,7
2290,8
2291,9
2292,10
2293,9
2294,9
2295,10
2296,10
2297,11
2298,12
2299,12
2300,11
2301,10
2302,10
2303,9
2304,8
2305,9
2306,10
2307,9
2308,8
2309,7
2310,6
2311,5
2312,4
2313,3
2314,2
2315,1
2316,0
2317,-1
2318,0
2319,-1
2320,0
2321,-1
2322,-2
2323,-3
2324,-4
2325,-5
2326,-6
2327,-7
2328,-8
2329,-7
2330,-5
2331,-4
2332,-3
2333,-4
2334,-5
2335,-4
2336,-3
2337,-4
2338,-4
2339,-5
2340,-6
2341,-7
2342,-8
2343,-9
2344,-9
2345,-8
2346,-7
2347,-8
2348,-7
2349,-6
2350,-7
2351,-8
2352,-7
2353,-6
2354,-7
2355,-8
2356,-7
2357,-8
2358,-7
2359,-8
2360,-9
2361,-8
2362,-9
2363,-8
2364,-9
2365,-8
2366,-8
2367,-9
2368,-10
2369,-11
2370,-12
2371,-13
2372,-13
2373,-12
2374,-13
2375,-14
2376,-13
2377,-12
2378,-12
2379,-11
2380,-12
2381,-13
2382,-12
2383,-11
2384,-12
2385,-11
2386,-11
2387,-12
2388,-11
2389,-10
2390,-9
2391,-8
2392,-7
2393,-8
2394,-7
2395,-8
2396,-7
2397,-8
2398,-9
2399,-8
2400,-9
2401,-8
2402,-7
2403,-8
2404,-9
2405,-8
2406,-7
2407,-6
2408,-7
2409,-8
2410,-9
2411,-10
2412,-10
2413,-11
2414,-10
2415,-9
2416,-10
2417,-11
2418,-12
2419,-13
2420,-14
2421,-15
2422,-14
2423,-13
2424,-14
2425,-14
2426,-14
2427,-15
2428,-14
2429,-15
2430,-14
2431,-15
2432,-14
2433,-15
2434,-14
2435,-15
2436,-14
2437,-12
2438,-13
2439,-12
2440,-13
2441,-14
2442,-15
2443,-13
2444,-14
2445,-15
2446,-16
2447,-17
2448,-18
2449,-19
2450,-20
2451,-19
2452,-20
2453,-21
2454,-20
2455,-21
2456,-19
2457,-17
2458,-18
2459,-19
2460,-20
2461,-19
2462,-18
2463,-16
2464,-15
2465,-16
2466,-17
2467,-16
2468,-15
2469,-16
2470,-15
2471,-16
2472,-15
2473,-14
2474,-15
2475,-13
2476,-14
2477,-12
2478,-10
2479,-11
2480,-9
2481,-8
2482,-9
2483,-10
2484,-9
2485,-10
2486,-11
2487,-11
2488,-10
2489,-11
2490,-12
2491,-13
2492,-14
2493,-15
2494,-14
2495,-15
2496,-14
2497,-15
2498,-14
2499,-15
2500,-16
2501,-15
2502,-14
2503,-13
2504,-14
2505,-15
2506,-16
2507,-17
2508,-17
2509,-18
2510,-19
2511,-20
2512,-19
2513,-20
2514,-21
2515,-20
2516,-21
2517,-21
2518,-20
2519,-19
2520,-18
2521,-19
2522,-18
2523,-17
2524,-16
2525,-15
2526,-14
2527,-15
2528,-16
2529,-15
2530,-16
2531,-17
2532,-16
2533,-15
2534,-16
2535,-15
2536,-16
2537,-17
2538,-17
2539,-18
2540,-19
2541,-20
2542,-21
2543,-20
2544,-21
2545,-19
2546,-19
2547,-18
2548,-17
2549,-18
2550,-17
2551,-18
2552,-19
2553,-18
2554,-19
2555,-18
2556,-17
2557,-16
2558,-16
2559,-17
2560,-17
2561,-18
2562,-17
2563,-17
2564,-15
2565,-16
2566,-17
2567,-17
2568,-17
2569,-18
2570,-19
2571,-20
2572,-21
2573,-21
2574,-20
2575,-19
2576,-18
2577,-17
2578,-18
2579,-17
2580,-18
2581,-19
2582,-20
2583,-21
2584,-20
2585,-19
2586,-18
2587,-17
2588,-16
2589,-17
2590,-18
2591,-19
2592,-18
2593,-17
2594,-18
2595,-19
2596,-18
2597,-19
2598,-20
2599,-20
2600,-19
2601,-18
2602,-19
2603,-19
2604,-20
2605,-21
2606,-19
2607,-20
2608,-21
2609,-20
2610,-21
2611,-22
2612,-21
2613,-20
2614,-21
2615,-21
2616,-20
2617,-20
2618,-21
2619,-20
2620,-20
2621,-21
2622,-22
2623,-23
2624,-22
2625,-21
2626,-20
2627,-19
2628,-20
2629,-19
2630,-19
2631,-20
2632,-19
2633,-20
2634,-21
2635,-22
2636,-23
2637,-24
2638,-23
2639,-24
2640,-23
2641,-24
2642,-25
2643,-24
2644,-23
2645,-22
2646,-23
2647,-22
2648,-21
2649,-22
2650,-21
2651,-22
2652,-23
2653,-22
2654,-23
2655,-24
2656,-25
2657,-26
2658,-27
2659,-28
2660,-29
2661,-30
2662,-31
2663,-32
2664,-33
2665,-34
2666,-33
2667,-34
2668,-33
2669,-34
2670,-34
2671,-32
2672,-33
2673,-32
2674,-31
2675,-32
2676,-31
2677,-30
2678,-31
2679,-32
2680,-31
2681,-31
2682,-29
2683,-30
2684,-30
2685,-31
2686,-30
2687,-31
2688,-30
2689,-30
2690,-31
2691,-32
2692,-31
2693,-32
2694,-33
2695,-32
2696,-33
2697,-34
2698,-33
2699,-34
2700,-35
2701,-34
2702,-33
2703,-33
2704,-34
2705,-35
2706,-36
2707,-37
2708,-38
2709,-37
2710,-36
2711,-37
2712,-35
2713,-35
2714,-36
2715,-37
2716,-36
2717,-37
2718,-38
2719,-39
2720,-40
2721,-39
2722,-40
2723,-40
2724,-41
2725,-42
2726,-41
2727,-40
2728,-40
2729,-39
2730,-40
2731,-40
2732,-39
2733,-38
2734,-37
2735,-38
2736,-39
2737,-38
2738,-37
2739,-36
2740,-37
2741,-38
2742,-39
2743,-40
2744,-40
2745,-39
2746,-40
2747,-41
2748,-42
2749,-41
2750,-42
2751,-41
2752,-42
2753,-43
2754,-44
2755,-45
2756,-44
2757,-43
2758,-42
2759,-43
2760,-44
2761,-42
2762,-42
2763,-40
2764,-38
2765,-39
2766,-37
2767,-38
2768,-37
2769,-38
2770,-39
2771,-40
2772,-40
2773,-41
2774,-40
2775,-41
2776,-40
2777,-41
2778,-40
2779,-39
2780,-40
2781,-39
2782,-38
2783,-39
2784,-38
2785,-37
2786,-38
2787,-38
2788,-37
2789,-36
2790,-37
2791,-38
2792,-37
2793,-38
2794,-37
2795,-36
2796,-37
2797,-36
2798,-35
2799,-36
2800,-37
2801,-38
2802,-36
2803,-35
2804,-36
2805,-37
2806,-36
2807,-37
2808,-36
2809,-37
2810,-38
2811,-39
2812,-40
2813,-41
2814,-40
2815,-41
2816,-40
2817,-39
2818,-38
2819,-38
2820,-37
2821,-36
2822,-37
2823,-36
2824,-37
2825,-36
2826,-37
2827,-38
2828,-39
2829,-40
2830,-41
2831,-42
2832,-41
2833,-42
2834,-42
2835,-43
2836,-44
2837,-43
2838,-42
2839,-43
2840,-43
2841,-44
2842,-43
2843,-44
2844,-45
2845,-46
2846,-47
2847,-47
2848,-48
2849,-49
2850,-50
2851,-50
2852,-51
2853,-49
2854,-49
2855,-50
2856,-51
2857,-50
2858,-51
2859,-52
2860,-51
2861,-50
2862,-49
2863,-47
2864,-46
2865,-45
2866,-46
2867,-46
2868,-45
2869,-44
2870,-43
2871,-42
2872,-41
2873,-40
2874,-41
2875,-42
2876,-43
2877,-42
2878,-41
2879,-40
2880,-41
2881,-40
2882,-41
2883,-42
2884,-41
2885,-40
2886,-41
2887,-41
2888,-40
2889,-39
2890,-38
2891,-37
2892,-38
2893,-37
2894,-37
2895,-36
2896,-37
2897,-36
2898,-35
2899,-34
2900,-33
2901,-34
2902,-33
2903,-32
2904,-30
2905,-29
2906,-28
2907,-27
2908,-28
2909,-29
2910,-30
2911,-29
2912,-30
2913,-31
2914,-32
2915,-31
2916,-30
2917,-31
2918,-32
2919,-33
2920,-32
2921,-31
2922,-32
2923,-33
2924,-32
2925,-31
2926,-32
2927,-33
2928,-33
2929,-32
2930,-31
2931,-29
2932,-28
2933,-29
2934,-29
2935,-28
2936,-27
2937,-28
2938,-29
2939,-28
2940,-28
2941,-27
2942,-26
2943,-25
2944,-24
2945,-25
2946,-24
2947,-25
2948,-24
2949,-23
2950,-24
2951,-25
2952,-24
2953,-24
2954,-25
2955,-24
2956,-23
2957,-22
2958,-21
2959,-22
2960,-21
2961,-20
2962,-21
2963,-21
2964,-22
2965,-23
2966,-24
2967,-23
2968,-22
2969,-21
2970,-22
2971,-23
2972,-22
2973,-23
2974,-22
2975,-23
2976,-22
2977,-22
2978,-23
2979,-24
2980,-25
2981,-24
2982,-24
2983,-23
2984,-24
2985,-23
2986,-24
2987,-25
2988,-26
2989,-27
2990,-26
2991,-27
2992,-28
2993,-29
2994,-29
2995,-30
2996,-31
2997,-29
2998,-28
2999,-29
3000,-30
3001,-29
3002,-30
3003,-29
3004,-30
3005,-29
3006,-30
3007,-29
3008,-28
3009,-27
3010,-26
3011,-25
3012,-25
3013,-24
3014,-22
3015,-21
3016,-22
3017,-21
3018,-20
3019,-21
3020,-20
3021,-21
3022,-20
3023,-21
3024,-20
3025,-21
3026,-22
3027,-21
3028,-20
3029,-21
3030,-22
3031,-21
3032,-20
3033,-21
3034,-22
3035,-23
3036,-21
3037,-22
3038,-21
3039,-20
3040,-21
3041,-21
3042,-22
3043,-21
3044,-20
3045,-19
3046,-20
3047,-19
3048,-20
3049,-19
3050,-20
3051,-21
3052,-22
3053,-21
3054,-19
3055,-18
3056,-17
3057,-18
3058,-17
3059,-17
3060,-18
3061,-18
3062,-17
3063,-18
3064,-19
3065,-18
3066,-17
3067,-18
3068,-17
3069,-16
3070,-17
3071,-16
3072,-17
3073,-18
3074,-19
3075,-19
3076,-20
3077,-21
3078,-20
3079,-18
3080,-19
3081,-20
3082,-20
3083,-21
3084,-20
3085,-20
3086,-21
3087,-20
3088,-21
3089,-20
3090,-21
3091,-22
3092,-23
3093,-22
3094,-23
3095,-24
3096,-23
3097,-24
3098,-25
3099,-24
3100,-23
3101,-24
3102,-23
3103,-22
3104,-23
3105,-22
3106,-23
3107,-24
3108,-23
3109,-22
3110,-23
3111,-24
3112,-23
3113,-24
3114,-25
3115,-26
3116,-26
3117,-27
3118,-28
3119,-27
3120,-26
3121,-25
3122,-26
3123,-27
3124,-28
3125,-26
3126,-27
3127,-26
3128,-27
3129,-28
3130,-29
3131,-29
3132,-30
3133,-31
3134,-32
3135,-31
3136,-32
3137,-31
3138,-30
3139,-31
3140,-32
3141,-33
3142,-32
3143,-31
3144,-30
3145,-31
3146,-30
3147,-28
3148,-28
3149,-28
3150,-27
3151,-28
3152,-27
3153,-26
3154,-24
3155,-25
3156,-24
3157,-22
3158,-23
3159,-24
3160,-24
3161,-23
3162,-21
3163,-22
3164,-23
3165,-23
3166,-22
3167,-21
3168,-22
3169,-21
3170,-22
3171,-21
3172,-20
3173,-19
3174,-20
3175,-21
3176,-20
3177,-18
3178,-19
3179,-20
3180,-21
3181,-22
3182,-21
3183,-20
3184,-19
3185,-20
3186,-21
3187,-22
3188,-22
3189,-23
3190,-23
3191,-21
3192,-22
3193,-23
3194,-21
3195,-22
3196,-22
3197,-23
3198,-22
3199,-21
3200,-22
3201,-23
3202,-24
3203,-25
3204,-26
3205,-25
3206,-26
3207,-25
3208,-26
3209,-25
3210,-24
3211,-23
3212,-24
3213,-23
3214,-24
3215,-25
3216,-26
3217,-26
3218,-25
3219,-24
3220,-25
3221,-26
3222,-27
3223,-26
3224,-27
3225,-26
3226,-25
3227,-26
3228,-27
3229,-27
3230,-28
3231,-29
3232,-30
3233,-29
3234,-30
3235,-31
3236,-30
3237,-31
3238,-30
3239,-29
3240,-28
3241,-27
3242,-28
3243,-28
3244,-27
3245,-26
3246,-27
3247,-26
3248,-26
3249,-25
3250,-24
3251,-25
3252,-26
3253,-24
3254,-25
3255,-26
3256,-27
3257,-28
3258,-27
3259,-28
3260,-27
3261,-26
3262,-25
3263,-24
3264,-23
3265,-24
3266,-23
3267,-24
3268,-23
3269,-22
3270,-23
3271,-22
3272,-23
3273,-24
3274,-23
3275,-23
3276,-24
3277,-25
3278,-26
3279,-25
3280,-26
3281,-25
3282,-26
3283,-25
3284,-25
3285,-26
3286,-25
3287,-23
3288,-24
3289,-24
3290,-24
3291,-23
3292,-24
3293,-25
3294,-25
3295,-25
3296,-24
3297,-23
3298,-24
3299,-24
3300,-23
3301,-24
3302,-25
3303,-26
3304,-24
3305,-25
3306,-24
3307,-24
3308,-25
3309,-24
3310,-23
3311,-23
3312,-24
3313,-23
3314,-22
3315,-23
3316,-24
3317,-24
3318,-22
3319,-23
3320,-22
3321,-20
3322,-21
3323,-21
3324,-22
3325,-23
3326,-22
3327,-22
3328,-23
3329,-24
3330,-25
3331,-26
3332,-25
3333,-24
3334,-23
3335,-22
3336,-21
3337,-22
3338,-23
3339,-24
3340,-23
3341,-22
3342,-22
3343,-23
3344,-22
3345,-21
3346,-20
3347,-19
3348,-20
3349,-21
3350,-22
3351,-23
3352,-23
3353,-22
3354,-21
3355,-22
3356,-23
3357,-23
3358,-24
3359,-25
3360,-26
3361,-25
3362,-24
3363,-23
3364,-22
3365,-21
3366,-20
3367,-21
3368,-22
3369,-21
3370,-21
3371,-20
3372,-20
3373,-19
3374,-20
3375,-19
3376,-20
3377,-19
3378,-20
3379,-21
3380,-22
3381,-23
3382,-22
3383,-21
3384,-20
3385,-19
3386,-20
3387,-21
3388,-20
3389,-21
3390,-21
3391,-22
3392,-23
3393,-22
3394,-23
3395,-24
3396,-23
3397,-22
3398,-23
3399,-22
3400,-23
3401,-23
3402,-24
3403,-25
3404,-24
3405,-23
3406,-21
3407,-22
3408,-23
3409,-24
3410,-23
3411,-22
3412,-23
3413,-24
3414,-25
3415,-24
3416,-25
3417,-25
3418,-24
3419,-25
3420,-23
3421,-24
3422,-25
3423,-23
3424,-24
3425,-23
3426,-21
3427,-22
3428,-23
3429,-24
3430,-25
3431,-26
3432,-25
3433,-26
3434,-26
3435,-24
3436,-24
3437,-22
3438,-21
3439,-22
3440,-23
3441,-24
3442,-25
3443,-25
3444,-26
3445,-25
3446,-24
3447,-25
3448,-25
3449,-26
3450,-25
3451,-24
3452,-25
3453,-26
3454,-27
3455,-26
3456,-27
3457,-28
3458,-27
3459,-26
3460,-27
3461,-26
3462,-25
3463,-26
3464,-25
3465,-25
3466,-24
3467,-25
3468,-24
3469,-24
3470,-25
3471,-26
3472,-27
3473,-27
3474,-28
3475,-29
3476,-29
3477,-29
3478,-30
3479,-31
3480,-32
3481,-33
3482,-34
3483,-33
3484,-33
3485,-32
3486,-33
3487,-32
3488,-31
3489,-32
3490,-33
3491,-34
3492,-35
3493,-36
3494,-37
3495,-36
3496,-35
3497,-36
3498,-37
3499,-37
3500,-35
3501,-36
3502,-37
3503,-36
3504,-35
3505,-36
3506,-37
3507,-38
3508,-37
3509,-38
3510,-39
3511,-38
3512,-37
3513,-36
3514,-35
3515,-36
3516,-35
3517,-36
3518,-35
3519,-34
3520,-32
3521,-33
3522,-34
3523,-33
3524,-32
3525,-33
3526,-32
3527,-31
3528,-32
3529,-33
3530,-34
3531,-32
3532,-33
3533,-34
3534,-32
3535,-31
3536,-30
3537,-31
3538,-32
3539,-33
3540,-34
3541,-33
3542,-34
3543,-35
3544,-36
3545,-37
3546,-38
3547,-37
3548,-38
3549,-39
3550,-38
3551,-36
3552,-37
3553,-38
3554,-37
3555,-38
3556,-38
3557,-39
3558,-40
3559,-39
3560,-40
3561,-39
3562,-38
3563,-39
3564,-37
3565,-38
3566,-38
3567,-39
3568,-37
3569,-38
3570,-37
3571,-37
3572,-36
3573,-35
3574,-34
3575,-35
3576,-35
3577,-36
3578,-35
3579,-36
3580,-36
3581,-36
3582,-36
3583,-35
3584,-36
3585,-35
3586,-36
3587,-37
3588,-38
3589,-39
3590,-40
3591,-39
3592,-38
3593,-39
3594,-40
3595,-38
3596,-39
3597,-37
3598,-36
3599,-35
3600,-36
3601,-34
3602,-33
3603,-33
3604,-32
3605,-33
3606,-32
3607,-31
3608,-32
3609,-33
3610,-34
3611,-33
3612,-34
3613,-33
3614,-33
3615,-32
3616,-33
3617,-33
3618,-32
3619,-31
3620,-31
3621,-32
3622,-31
3623,-30
3624,-31
3625,-32
3626,-33
3627,-32
3628,-30
3629,-29
3630,-28
3631,-29
3632,-30
3633,-29
3634,-30
3635,-30
3636,-31
3637,-31
3638,-32
3639,-33
3640,-34
3641,-33
3642,-32
3643,-33
3644,-34
3645,-33
3646,-32
3647,-30
3648,-29
3649,-28
3650,-28
3651,-29
3652,-30
3653,-29
3654,-28
3655,-29
3656,-30
3657,-29
3658,-30
3659,-31
3660,-30
3661,-29
3662,-30
3663,-29
3664,-28
3665,-27
3666,-28
3667,-29
3668,-30
3669,-29
3670,-28
3671,-27
3672,-26
3673,-27
3674,-27
3675,-26
3676,-25
3677,-26
3678,-26
3679,-27
3680,-28
3681,-29
3682,-30
3683,-31
3684,-31
3685,-29
3686,-28
3687,-29
3688,-30
3689,-29
3690,-28
3691,-27
3692,-28
3693,-29
3694,-30
3695,-29
3696,-30
3697,-29
3698,-28
3699,-29
3700,-30
3701,-31
3702,-32
3703,-33
3704,-32
3705,-33
3706,-34
3707,-35
3708,-36
3709,-36
3710,-37
3711,-36
3712,-37
3713,-38
3714,-39
3715,-39
3716,-40
3717,-41
3718,-41
3719,-41
3720,-42
3721,-42
3722,-41
3723,-42
3724,-41
3725,-42
3726,-41
3727,-40
3728,-39
3729,-38
3730,-36
3731,-35
3732,-36
3733,-37
3734,-35
3735,-34
3736,-33
3737,-34
3738,-35
3739,-36
3740,-35
3741,-36
3742,-37
3743,-38
3744,-37
3745,-38
3746,-37
3747,-36
3748,-35
3749,-33
3750,-34
3751,-35
3752,-34
3753,-32
3754,-33
3755,-34
3756,-33
3757,-34
3758,-34
3759,-35
3760,-34
3761,-35
3762,-36
3763,-37
3764,-36
3765,-37
3766,-36
3767,-36
3768,-37
3769,-37
3770,-36
3771,-37
3772,-38
3773,-39
3774,-40
3775,-39
3776,-39
3777,-40
3778,-41
3779,-41
3780,-42
3781,-43
3782,-41
3783,-40
3784,-41
3785,-42
3786,-43
3787,-44
3788,-44
3789,-43
3790,-44
3791,-43
3792,-43
3793,-44
3794,-43
3795,-42
3796,-43
3797,-44
3798,-43
3799,-42
3800,-43
3801,-42
3802,-41
3803,-40
3804,-39
3805,-40
3806,-38
3807,-39
3808,-40
3809,-39
3810,-37
3811,-36
3812,-35
3813,-34
3814,-33
3815,-32
3816,-33
3817,-34
3818,-35
3819,-36
3820,-37
3821,-37
3822,-36
3823,-35
3824,-34
3825,-35
3826,-34
3827,-33
3828,-34
3829,-35
3830,-36
3831,-37
3832,-38
3833,-38
3834,-38
3835,-39
3836,-38
3837,-39
3838,-40
3839,-39
3840,-39
3841,-40
3842,-41
3843,-42
3844,-41
3845,-41
3846,-40
3847,-41
3848,-42
3849,-43
3850,-43
3851,-44
3852,-45
3853,-46
3854,-47
3855,-47
3856,-48
3857,-49
3858,-48
3859,-47
3860,-46
3861,-47
3862,-46
3863,-45
3864,-45
3865,-44
3866,-45
3867,-44
3868,-45
3869,-44
3870,-45
3871,-44
3872,-45
3873,-44
3874,-43
3875,-42
3876,-43
3877,-44
3878,-45
3879,-44
3880,-43
3881,-42
3882,-41
3883,-42
3884,-43
3885,-44
3886,-43
3887,-44
3888,-45
3889,-46
3890,-47
3891,-48
3892,-49
3893,-48
3894,-47
3895,-48
3896,-48
3897,-47
3898,-47
3899,-48
3900,-48
3901,-49
3902,-48
3903,-49
3904,-50
3905,-51
3906,-50
3907,-51
3908,-51
3909,-52
3910,-53
3911,-54
3912,-53
3913,-54
3914,-55
3915,-56
3916,-57
3917,-57
3918,-58
3919,-59
3920,-60
3921,-59
3922,-58
3923,-57
3924,-58
3925,-58
3926,-57
3927,-56
3928,-55
3929,-56
3930,-57
3931,-56
3932,-55
3933,-54
3934,-55
3935,-56
3936,-56
3937,-55
3938,-56
3939,-55
3940,-56
3941,-57
3942,-58
3943,-58
3944,-59
3945,-58
3946,-56
3947,-57
3948,-56
3949,-57
3950,-56
3951,-55
3952,-54
3953,-55
3954,-56
3955,-55
3956,-56
3957,-55
3958,-56
3959,-55
3960,-56
3961,-57
3962,-56
3963,-57
3964,-58
3965,-59
3966,-60
3967,-61
3968,-62
3969,-61
3970,-62
3971,-61
3972,-62
3973,-63
3974,-64
3975,-63
3976,-64
3977,-64
3978,-65
3979,-64
3980,-63
3981,-64
3982,-62
3983,-63
3984,-64
3985,-65
3986,-64
3987,-63
3988,-64
3989,-64
3990,-65
3991,-65
3992,-66
3993,-65
3994,-64
3995,-63
3996,-64
3997,-63
3998,-64
3999,-65
4000,-64
4001,-65
4002,-64
4003,-65
4004,-64
4005,-63
4006,-64
4007,-65
4008,-64
4009,-62
4010,-62
4011,-61
4012,-62
4013,-62
4014,-63
4015,-64
4016,-65
4017,-66
4018,-65
4019,-64
4020,-65
4021,-66
4022,-67
4023,-68
4024,-67
4025,-66
4026,-65
4027,-66
4028,-67
4029,-66
4030,-65
4031,-66
4032,-66
4033,-65
4034,-64
4035,-65
4036,-66
4037,-67
4038,-66
4039,-65
4040,-64
4041,-65
4042,-64
4043,-63
4044,-61
4045,-62
4046,-61
4047,-60
4048,-59
4049,-60
4050,-58
4051,-57
4052,-56
4053,-55
4054,-56
4055,-55
4056,-56
4057,-57
4058,-57
4059,-58
4060,-58
4061,-57
4062,-58
4063,-59
4064,-58
4065,-59
4066,-57
4067,-58
4068,-57
4069,-58
4070,-59
4071,-59
4072,-59
4073,-59
4074,-57
4075,-55
4076,-56
4077,-57
4078,-58
4079,-59
4080,-59
4081,-58
4082,-56
4083,-55
4084,-56
4085,-55
4086,-55
4087,-56
4088,-57
4089,-55
4090,-54
4091,-52
4092,-51
4093,-51
4094,-49
4095,-50
4096,-49
4097,-50
4098,-49
4099,-48
4100,-49
4101,-50
4102,-51
4103,-50
4104,-48
4105,-47
4106,-46
4107,-47
4108,-46
4109,-46
4110,-47
4111,-48
4112,-49
4113,-48
4114,-48
4115,-48
4116,-47
4117,-48
4118,-48
4119,-46
4120,-45
4121,-44
4122,-43
4123,-42
4124,-43
4125,-42
4126,-43
4127,-44
4128,-45
4129,-44
4130,-43
4131,-42
4132,-43
4133,-42
4134,-43
4135,-44
4136,-45
4137,-46
4138,-47
4139,-46
4140,-45
4141,-44
4142,-45
4143,-46
4144,-45
4145,-46
4146,-47
4147,-46
4148,-45
4149,-46
4150,-45
4151,-46
4152,-47
4153,-46
4154,-46
4155,-46
4156,-46
4157,-46
4158,-45
4159,-46
4160,-47
4161,-48
4162,-48
4163,-46
4164,-47
4165,-46
4166,-47
4167,-47
4168,-48
4169,-49
4170,-50
4171,-51
4172,-51
4173,-52
4174,-50
4175,-51
4176,-52
4177,-53
4178,-53
4179,-52
4180,-53
4181,-52
4182,-51
4183,-50
4184,-50
4185,-51
4186,-50
4187,-51
4188,-52
4189,-52
4190,-51
4191,-52
4192,-51
4193,-52
4194,-51
4195,-52
4196,-51
4197,-50
4198,-51
4199,-50
4200,-51
4201,-50
4202,-51
4203,-52
4204,-51
4205,-52
4206,-52
4207,-52
4208,-51
4209,-52
4210,-52
4211,-51
4212,-52
4213,-51
4214,-51
4215,-50
4216,-51
4217,-51
4218,-52
4219,-51
4220,-50
4221,-51
4222,-52
4223,-53
4224,-54
4225,-53
4226,-52
4227,-53
4228,-52
4229,-52
4230,-53
4231,-52
4232,-53
4233,-52
4234,-53
4235,-52
4236,-51
4237,-50
4238,-51
4239,-52
4240,-52
4241,-53
4242,-54
4243,-55
4244,-55
4245,-56
4246,-56
4247,-55
4248,-56
4249,-55
4250,-54
4251,-55
4252,-54
4253,-55
4254,-54
4255,-54
4256,-53
4257,-54
4258,-54
4259,-54
4260,-53
4261,-54
4262,-55
4263,-56
4264,-57
4265,-56
4266,-57
4267,-56
4268,-55
4269,-54
4270,-53
4271,-53
4272,-52
4273,-51
4274,-52
4275,-51
4276,-52
4277,-52
4278,-53
4279,-54
4280,-55
4281,-56
4282,-55
4283,-53
4284,-52
4285,-53
4286,-53
4287,-54
4288,-55
4289,-56
4290,-55
4291,-56
4292,-57
4293,-56
4294,-57
4295,-56
4296,-55
4297,-54
4298,-54
4299,-53
4300,-52
4301,-53
4302,-54
4303,-55
4304,-56
4305,-57
4306,-58
4307,-59
4308,-58
4309,-57
4310,-58
4311,-57
4312,-58
4313,-56
4314,-57
4315,-56
4316,-57
4317,-58
4318,-57
4319,-56
4320,-55
4321,-56
4322,-57
4323,-58
4324,-57
4325,-56
4326,-57
4327,-58
4328,-57
4329,-58
4330,-59
4331,-60
4332,-60
4333,-61
4334,-60
4335,-58
4336,-57
4337,-56
4338,-57
4339,-58
4340,-57
4341,-56
4342,-57
4343,-58
4344,-59
4345,-58
4346,-57
4347,-57
4348,-55
4349,-56
4350,-55
4351,-55
4352,-54
4353,-55
4354,-54
4355,-55
4356,-54
4357,-54
4358,-55
4359,-55
4360,-54
4361,-55
4362,-55
4363,-56
4364,-55
4365,-56
4366,-57
4367,-56
4368,-57
4369,-57
4370,-58
4371,-56
4372,-55
4373,-56
4374,-57
4375,-58
4376,-59
4377,-58
4378,-59
4379,-58
4380,-59
4381,-60
4382,-61
4383,-60
4384,-60
4385,-59
4386,-58
4387,-59
4388,-60
4389,-61
4390,-60
4391,-59
4392,-59
4393,-58
4394,-59
4395,-60
4396,-59
4397,-58
4398,-57
4399,-58
4400,-58
4401,-57
4402,-58
4403,-59
4404,-58
4405,-59
4406,-57
4407,-58
4408,-57
4409,-56
4410,-55
4411,-56
4412,-55
4413,-56
4414,-55
4415,-54
4416,-55
4417,-56
4418,-55
4419,-54
4420,-55
4421,-54
4422,-53
4423,-53
4424,-54
4425,-55
4426,-54
4427,-55
4428,-54
4429,-55
4430,-54
4431,-55
4432,-56
4433,-55
4434,-53
4435,-52
4436,-53
4437,-54
4438,-55
4439,-56
4440,-55
4441,-56
4442,-57
4443,-58
4444,-57
4445,-58
4446,-57
4447,-56
4448,-56
4449,-57
4450,-58
4451,-59
4452,-58
4453,-59
4454,-58
4455,-57
4456,-58
4457,-59
4458,-60
4459,-61
4460,-61
4461,-61
4462,-60
4463,-58
4464,-59
4465,-60
4466,-59
4467,-60
4468,-61
4469,-62
4470,-61
4471,-59
4472,-58
4473,-59
4474,-57
4475,-56
4476,-55
4477,-56
4478,-55
4479,-54
4480,-53
4481,-54
4482,-55
4483,-54
4484,-55
4485,-56
4486,-57
4487,-58
4488,-56
4489,-57
4490,-56
4491,-56
4492,-57
4493,-58
4494,-59
4495,-60
4496,-59
4497,-58
4498,-57
4499,-57
4500,-57
4501,-56
4502,-55
4503,-54
4504,-53
4505,-53
4506,-54
4507,-55
4508,-54
4509,-55
4510,-56
4511,-57
4512,-56
4513,-55
4514,-56
4515,-56
4516,-56
4517,-57
4518,-58
4519,-57
4520,-58
4521,-59
4522,-60
4523,-61
4524,-62
4525,-63
4526,-63
4527,-64
4528,-63
4529,-61
4530,-62
4531,-63
4532,-62
4533,-61
4534,-60
4535,-61
4536,-62
4537,-61
4538,-62
4539,-61
4540,-60
4541,-60
4542,-61
4543,-60
4544,-59
4545,-59
4546,-58
4547,-57
4548,-58
4549,-59
4550,-58
4551,-59
4552,-60
4553,-59
4554,-60
4555,-61
4556,-62
4557,-61
4558,-59
4559,-58
4560,-59
4561,-58
4562,-59
4563,-58
4564,-59
4565,-58
4566,-59
4567,-60
4568,-59
4569,-58
4570,-59
4571,-58
4572,-57
4573,-58
4574,-59
4575,-59
4576,-58
4577,-57
4578,-58
4579,-59
4580,-58
4581,-57
4582,-56
4583,-57
4584,-58
4585,-57
4586,-58
4587,-59
4588,-60
4589,-60
4590,-59
4591,-58
4592,-59
4593,-58
4594,-56
4595,-55
4596,-56
4597,-57
4598,-56
4599,-54
4600,-53
4601,-54
4602,-53
4603,-52
4604,-53
4605,-54
4606,-54
4607,-53
4608,-52
4609,-51
4610,-52
4611,-53
4612,-53
4613,-52
4614,-53
4615,-53
4616,-52
4617,-53
4618,-54
4619,-54
4620,-55
4621,-56
4622,-57
4623,-56
4624,-57
4625,-56
4626,-56
4627,-57
4628,-57
4629,-58
4630,-57
4631,-58
4632,-57
4633,-56
4634,-56
4635,-55
4636,-54
4637,-55
4638,-54
4639,-55
4640,-54
4641,-53
4642,-54
4643,-53
4644,-54
4645,-55
4646,-56
4647,-57
4648,-56
4649,-57
4650,-58
4651,-59
4652,-59
4653,-58
4654,-57
4655,-56
4656,-57
4657,-57
4658,-58
4659,-59
4660,-60
4661,-59
4662,-58
4663,-59
4664,-60
4665,-59
4666,-58
4667,-58
4668,-59
4669,-58
4670,-59
4671,-58
4672,-57
4673,-58
4674,-56
4675,-55
4676,-56
4677,-55
4678,-55
4679,-54
4680,-53
4681,-52
4682,-51
4683,-50
4684,-51
4685,-49
4686,-50
4687,-51
4688,-50
4689,-51
4690,-51
4691,-51
4692,-50
4693,-49
4694,-50
4695,-48
4696,-49
4697,-48
4698,-47
4699,-46
4700,-45
4701,-46
4702,-47
4703,-48
4704,-47
4705,-46
4706,-47
4707,-48
4708,-49
4709,-49
4710,-50
4711,-51
4712,-50
4713,-48
4714,-49
4715,-48
4716,-48
4717,-49
4718,-50
4719,-51
4720,-52
4721,-53
4722,-54
4723,-55
4724,-54
4725,-54
4726,-55
4727,-56
4728,-57
4729,-58
4730,-59
4731,-58
4732,-57
4733,-56
4734,-57
4735,-58
4736,-57
4737,-58
4738,-59
4739,-60
4740,-61
4741,-62
4742,-63
4743,-64
4744,-65
4745,-66
4746,-66
4747,-65
4748,-64
4749,-65
4750,-64
4751,-65
4752,-66
4753,-67
4754,-66
4755,-67
4756,-68
4757,-69
4758,-70
4759,-71
4760,-72
4761,-73
4762,-74
4763,-73
4764,-72
4765,-71
4766,-72
4767,-72
4768,-71
4769,-71
4770,-70
4771,-71
4772,-71
4773,-72
4774,-73
4775,-72
4776,-70
4777,-71
4778,-70
4779,-69
4780,-70
4781,-71
4782,-70
4783,-71
4784,-70
4785,-69
4786,-70
4787,-69
4788,-70
4789,-71
4790,-72
4791,-73
4792,-72
4793,-73
4794,-72
4795,-72
4796,-73
4797,-72
4798,-71
4799,-70
4800,-69
4801,-69
4802,-70
4803,-69
4804,-69
4805,-68
4806,-67
4807,-68
4808,-67
4809,-68
4810,-69
4811,-68
4812,-67
4813,-66
4814,-67
4815,-66
4816,-65
4817,-66
4818,-67
4819,-67
4820,-66
4821,-65
4822,-66
4823,-65
4824,-64
4825,-63
4826,-62
4827,-61
4828,-60
4829,-59
4830,-58
4831,-57
4832,-56
4833,-55
4834,-55
4835,-54
4836,-54
4837,-55
4838,-56
4839,-57
4840,-56
4841,-55
4842,-55
4843,-55
4844,-54
4845,-53
4846,-52
4847,-51
4848,-52
4849,-51
4850,-52
4851,-52
4852,-51
4853,-50
4854,-48
4855,-47
4856,-47
4857,-48
4858,-49
4859,-48
4860,-49
4861,-48
4862,-48
4863,-49
4864,-48
4865,-48
4866,-49
4867,-48
4868,-49
4869,-50
4870,-50
4871,-51
4872,-50
4873,-49
4874,-50
4875,-48
4876,-49
4877,-48
4878,-48
4879,-49
4880,-50
4881,-51
4882,-51
4883,-52
4884,-53
4885,-52
4886,-51
4887,-52
4888,-51
4889,-52
4890,-53
4891,-54
4892,-55
4893,-56
4894,-55
4895,-55
4896,-56
4897,-57
4898,-58
4899,-59
4900,-59
4901,-59
4902,-60
4903,-61
4904,-60
4905,-61
4906,-62
4907,-61
4908,-62
4909,-63
4910,-62
4911,-63
4912,-62
4913,-62
4914,-63
4915,-64
4916,-65
4917,-66
4918,-65
4919,-66
4920,-66
4921,-65
4922,-64
4923,-65
4924,-64
4925,-64
4926,-63
4927,-64
4928,-65
4929,-63
4930,-62
4931,-61
4932,-62
4933,-63
4934,-62
4935,-63
4936,-62
4937,-63
4938,-62
4939,-63
4940,-64
4941,-63
4942,-64
4943,-64
4944,-63
4945,-62
4946,-62
4947,-61
4948,-62
4949,-63
4950,-62
4951,-61
4952,-62
4953,-63
4954,-62
4955,-63
4956,-62
4957,-63
4958,-64
4959,-65
4960,-64
4961,-63
4962,-64
4963,-65
4964,-65
4965,-66
4966,-67
4967,-68
4968,-69
4969,-70
4970,-69
4971,-70
4972,-71
4973,-70
4974,-71
4975,-70
4976,-71
4977,-72
4978,-71
4979,-72
4980,-71
4981,-72
4982,-73
4983,-73
4984,-72
4985,-71
4986,-72
4987,-73
4988,-74
4989,-75
4990,-74
4991,-73
4992,-72
4993,-71
4994,-72
4995,-71
4996,-72
4997,-71
4998,-72
4999,-70
5000,-69
5001,-68
5002,-69
5003,-70
5004,-68
5005,-69
5006,-70
5007,-71
5008,-70
5009,-71
5010,-72
5011,-73
5012,-72
5013,-71
5014,-70
5015,-69
5016,-70
5017,-69
5018,-68
5019,-69
5020,-70
5021,-69
5022,-69
5023,-70
5024,-69
5025,-70
5026,-71
5027,-70
5028,-70
5029,-71
5030,-72
5031,-73
5032,-72
5033,-70
5034,-71
5035,-72
5036,-73
5037,-72
5038,-73
5039,-74
5040,-73
5041,-74
5042,-75
5043,-76
5044,-75
5045,-76
5046,-77
5047,-76
5048,-77
5049,-78
5050,-77
5051,-76
5052,-77
5053,-76
5054,-77
5055,-76
5056,-75
5057,-76
5058,-77
5059,-78
5060,-78
5061,-79
5062,-80
5063,-81
5064,-80
5065,-81
5066,-82
5067,-83
5068,-84
5069,-83
5070,-84
5071,-85
5072,-84
5073,-83
5074,-84
5075,-83
5076,-83
5077,-83
5078,-84
5079,-82
5080,-83
5081,-84
5082,-83
5083,-84
5084,-83
5085,-83
5086,-84
5087,-83
5088,-83
5089,-82
5090,-83
5091,-84
5092,-85
5093,-84
5094,-83
5095,-84
5096,-85
5097,-86
5098,-85
5099,-86
5100,-87
5101,-88
5102,-87
5103,-86
5104,-87
5105,-88
5106,-89
5107,-90
5108,-91
5109,-90
5110,-91
5111,-92
5112,-93
5113,-92
5114,-93
5115,-92
5116,-93
5117,-92
5118,-90
5119,-91
5120,-92
5121,-91
5122,-90
5123,-91
5124,-90
5125,-91
5126,-89
5127,-88
5128,-87
5129,-86
5130,-85
5131,-86
5132,-87
5133,-88
5134,-87
5135,-86
5136,-86
5137,-87
5138,-88
5139,-87
5140,-86
5141,-86
5142,-87
5143,-87
5144,-86
5145,-85
5146,-86
5147,-85
5148,-84
5149,-85
5150,-85
5151,-86
5152,-85
5153,-84
5154,-82
5155,-83
5156,-84
5157,-85
5158,-83
5159,-84
5160,-85
5161,-86
5162,-86
5163,-86
5164,-87
5165,-86
5166,-86
5167,-85
5168,-86
5169,-85
5170,-83
5171,-82
5172,-81
5173,-82
5174,-82
5175,-80
5176,-80
5177,-81
5178,-82
5179,-81
5180,-82
5181,-83
5182,-84
5183,-85
5184,-85
5185,-86
5186,-85
5187,-86
5188,-85
5189,-86
5190,-87
5191,-88
5192,-87
5193,-88
5194,-87
5195,-86
5196,-85
5197,-84
5198,-85
5199,-86
5200,-86
5201,-87
5202,-86
5203,-87
5204,-86
5205,-85
5206,-86
5207,-87
5208,-86
5209,-85
5210,-86
5211,-87
5212,-85
5213,-84
5214,-82
5215,-83
5216,-84
5217,-83
5218,-84
5219,-85
5220,-86
5221,-85
5222,-84
5223,-85
5224,-86
5225,-87
5226,-88
5227,-89
5228,-88
5229,-89
5230,-90
5231,-89
5232,-90
5233,-89
5234,-89
5235,-90
5236,-91
5237,-92
5238,-93
5239,-92
5240,-91
5241,-92
5242,-93
5243,-92
5244,-91
5245,-91
5246,-90
5247,-88
5248,-87
5249,-88
5250,-87
5251,-87
5252,-88
5253,-88
5254,-86
5255,-86
5256,-87
5257,-86
5258,-87
5259,-86
5260,-84
5261,-82
5262,-81
5263,-80
5264,-78
5265,-77
5266,-76
5267,-77
5268,-78
5269,-79
5270,-80
5271,-81
5272,-82
5273,-82
5274,-81
5275,-80
5276,-79
5277,-78
5278,-78
5279,-79
5280,-78
5281,-79
5282,-80
5283,-79
5284,-78
5285,-79
5286,-80
5287,-81
5288,-82
5289,-83
5290,-82
5291,-81
5292,-81
5293,-80
5294,-79
5295,-78
5296,-79
5297,-78
5298,-79
5299,-78
5300,-77
5301,-78
5302,-79
5303,-78
5304,-79
5305,-77
5306,-78
5307,-78
5308,-77
5309,-78
5310,-79
5311,-80
5312,-81
5313,-80
5314,-79
5315,-80
5316,-78
5317,-77
5318,-76
5319,-74
5320,-75
5321,-76
5322,-77
5323,-76
5324,-77
5325,-78
5326,-79
5327,-79
5328,-78
5329,-77
5330,-78
5331,-79
5332,-80
5333,-79
5334,-78
5335,-79
5336,-80
5337,-81
5338,-80
5339,-81
5340,-80
5341,-79
5342,-80
5343,-81
5344,-80
5345,-81
5346,-82
5347,-83
5348,-84
5349,-83
5350,-82
5351,-81
5352,-82
5353,-83
5354,-84
5355,-84
5356,-82
5357,-81
5358,-82
5359,-83
5360,-82
5361,-81
5362,-79
5363,-80
5364,-81
5365,-81
5366,-82
5367,-83
5368,-84
5369,-83
5370,-84
5371,-85
5372,-84
5373,-85
5374,-86
5375,-87
5376,-88
5377,-88
5378,-89
5379,-90
5380,-91
5381,-92
5382,-92
5383,-93
5384,-92
5385,-90
5386,-91
5387,-92
5388,-91
5389,-89
5390,-88
5391,-87
5392,-88
5393,-89
5394,-89
5395,-88
5396,-89
5397,-89
5398,-90
5399,-89
5400,-88
5401,-89
5402,-89
5403,-90
5404,-89
5405,-89
5406,-90
5407,-91
5408,-90
5409,-90
5410,-90
5411,-91
5412,-90
5413,-90
5414,-90
5415,-89
5416,-89
5417,-89
5418,-88
5419,-87
5420,-87
5421,-86
5422,-85
5423,-86
5424,-85
5425,-86
5426,-87
5427,-86
5428,-87
5429,-86
5430,-85
5431,-84
5432,-82
5433,-83
5434,-83
5435,-84
5436,-85
5437,-84
5438,-85
5439,-84
5440,-84
5441,-83
5442,-82
5443,-81
5444,-80
5445,-79
5446,-80
5447,-81
5448,-80
5449,-79
5450,-77
5451,-76
5452,-77
5453,-77
5454,-76
5455,-75
5456,-76
5457,-77
5458,-78
5459,-77
5460,-76
5461,-77
5462,-78
5463,-79
5464,-80
5465,-79
5466,-78
5467,-76
5468,-75
5469,-76
5470,-75
5471,-74
5472,-75
5473,-74
5474,-75
5475,-75
5476,-76
5477,-77
5478,-76
5479,-77
5480,-78
5481,-79
5482,-80
5483,-81
5484,-82
5485,-81
5486,-80
5487,-80
5488,-78
5489,-79
5490,-80
5491,-81
5492,-80
5493,-81
5494,-82
5495,-83
5496,-84
5497,-83
5498,-83
5499,-84
5500,-85
5501,-86
5502,-87
5503,-86
5504,-85
5505,-86
5506,-85
5507,-86
5508,-85
5509,-84
5510,-85
5511,-86
5512,-85
5513,-86
5514,-85
5515,-86
5516,-85
5517,-85
5518,-84
5519,-85
5520,-86
5521,-85
5522,-85
5523,-86
5524,-86
5525,-87
5526,-88
5527,-89
5528,-88
5529,-89
5530,-90
5531,-91
5532,-92
5533,-93
5534,-94
5535,-95
5536,-96
5537,-97
5538,-98
5539,-99
5540,-98
5541,-99
5542,-100
5543,-99
5544,-100
5545,-100
5546,-101
5547,-102
5548,-103
5549,-104
5550,-105
5551,-106
5552,-107
5553,-106
5554,-105
5555,-103
5556,-104
5557,-103
5558,-102
5559,-101
5560,-102
5561,-101
5562,-101
5563,-102
5564,-101
5565,-100
5566,-101
5567,-102
5568,-102
5569,-102
5570,-102
5571,-101
5572,-100
5573,-99
5574,-98
5575,-97
5576,-96
5577,-95
5578,-96
5579,-95
5580,-96
5581,-96
5582,-97
5583,-96
5584,-97
5585,-96
5586,-97
5587,-96
5588,-95
5589,-96
5590,-97
5591,-95
5592,-96
5593,-96
5594,-97
5595,-96
5596,-95
5597,-94
5598,-93
5599,-92
5600,-93
5601,-94
5602,-95
5603,-96
5604,-97
5605,-98
5606,-99
5607,-100
5608,-100
5609,-101
5610,-102
5611,-101
5612,-100
5613,-101
5614,-102
5615,-103
5616,-101
5617,-102
5618,-103
5619,-102
5620,-101
5621,-102
5622,-103
5623,-102
5624,-102
5625,-100
5626,-101
5627,-102
5628,-101
5629,-102
5630,-103
5631,-102
5632,-102
5633,-103
5634,-104
5635,-105
5636,-106
5637,-107
5638,-108
5639,-109
5640,-110
5641,-111
5642,-109
5643,-108
5644,-107
5645,-106
5646,-104
5647,-105
5648,-106
5649,-107
5650,-106
5651,-105
5652,-106
5653,-105
5654,-104
5655,-105
5656,-106
5657,-107
5658,-108
5659,-109
5660,-110
5661,-109
5662,-110
5663,-110
5664,-109
5665,-110
5666,-111
5667,-112
5668,-113
5669,-114
5670,-115
5671,-114
5672,-115
5673,-115
5674,-116
5675,-117
5676,-118
5677,-119
5678,-118
5679,-119
5680,-120
5681,-120
5682,-119
5683,-118
5684,-119
5685,-120
5686,-121
5687,-122
5688,-123
5689,-124
5690,-124
5691,-124
5692,-125
5693,-126
5694,-125
5695,-126
5696,-125
5697,-124
5698,-123
5699,-124
5700,-124
5701,-122
5702,-123
5703,-124
5704,-122
5705,-123
5706,-124
5707,-123
5708,-124
5709,-125
5710,-125
5711,-125
5712,-126
5713,-127
5714,-127
5715,-128
5716,-129
5717,-128
5718,-129
5719,-128
5720,-129
5721,-128
5722,-127
5723,-127
5724,-128
5725,-127
5726,-128
5727,-129
5728,-128
5729,-129
5730,-127
5731,-128
5732,-127
5733,-127
5734,-125
5735,-126
5736,-125
5737,-125
5738,-126
5739,-127
5740,-128
5741,-129
5742,-128
5743,-127
5744,-126
5745,-127
5746,-128
5747,-129
5748,-130
5749,-130
5750,-129
5751,-128
5752,-129
5753,-130
5754,-131
5755,-131
5756,-132
5757,-131
5758,-132
5759,-131
5760,-132
5761,-131
5762,-130
5763,-131
5764,-130
5765,-131
5766,-132
5767,-131
5768,-132
5769,-131
5770,-131
5771,-131
5772,-132
5773,-130
5774,-130
5775,-129
5776,-130
5777,-131
5778,-132
5779,-132
5780,-131
5781,-129
5782,-130
5783,-131
5784,-132
5785,-133
5786,-133
5787,-134
5788,-135
5789,-134
5790,-132
5791,-133
5792,-132
5793,-133
5794,-132
5795,-133
5796,-132
5797,-131
5798,-131
5799,-132
5800,-132
5801,-133
5802,-133
5803,-134
5804,-135
5805,-134
5806,-133
5807,-131
5808,-130
5809,-129
5810,-130
5811,-129
5812,-128
5813,-129
5814,-130
5815,-129
5816,-130
5817,-131
5818,-132
5819,-133
5820,-131
5821,-129
5822,-128
5823,-129
5824,-128
5825,-127
5826,-128
5827,-127
5828,-128
5829,-129
5830,-130
5831,-131
5832,-130
5833,-129
5834,-129
5835,-130
5836,-128
5837,-127
5838,-126
5839,-127
5840,-128
5841,-129
5842,-130
5843,-129
5844,-130
5845,-128
5846,-127
5847,-126
5848,-127
5849,-128
5850,-129
5851,-128
5852,-128
5853,-127
5854,-128
5855,-127
5856,-127
5857,-127
5858,-128
5859,-129
5860,-128
5861,-129
5862,-128
5863,-129
5864,-130
5865,-131
5866,-132
5867,-133
5868,-131
5869,-130
5870,-131
5871,-130
5872,-129
5873,-130
5874,-129
5875,-130
5876,-129
5877,-130
5878,-129
5879,-128
5880,-128
5881,-129
5882,-128
5883,-129
5884,-128
5885,-129
5886,-130
5887,-131
5888,-132
5889,-133
5890,-134
5891,-133
5892,-134
5893,-133
5894,-134
5895,-135
5896,-136
5897,-137
5898,-138
5899,-137
5900,-136
5901,-137
5902,-137
5903,-138
5904,-137
5905,-136
5906,-136
5907,-137
5908,-136
5909,-135
5910,-134
5911,-134
5912,-133
5913,-132
5914,-133
5915,-134
5916,-135
5917,-136
5918,-137
5919,-136
5920,-137
5921,-138
5922,-137
5923,-138
5924,-139
5925,-138
5926,-139
5927,-138
5928,-139
5929,-138
5930,-137
5931,-137
5932,-138
5933,-139
5934,-140
5935,-141
5936,-140
5937,-139
5938,-140
5939,-139
5940,-138
5941,-139
5942,-140
5943,-140
5944,-141
5945,-142
5946,-141
5947,-140
5948,-141
5949,-140
5950,-139
5951,-140
5952,-141
5953,-140
5954,-141
5955,-142
5956,-143
5957,-142
5958,-141
5959,-141
5960,-142
5961,-141
5962,-141
5963,-142
5964,-141
5965,-141
5966,-140
5967,-139
5968,-139
5969,-140
5970,-140
5971,-141
5972,-142
5973,-143
5974,-144
5975,-143
5976,-141
5977,-140
5978,-139
5979,-138
5980,-139
5981,-140
5982,-141
5983,-142
5984,-141
5985,-142
5986,-143
5987,-142
5988,-141
5989,-140
5990,-141
5991,-140
5992,-140
5993,-141
5994,-141
5995,-140
5996,-141
5997,-141
5998,-140
5999,-139
6000,-138
6001,-137
6002,-138
6003,-139
6004,-139
6005,-138
6006,-139
6007,-138
6008,-137
6009,-135
6010,-134
6011,-133
6012,-132
6013,-133
6014,-131
6015,-130
6016,-129
6017,-130
6018,-131
6019,-132
6020,-131
6021,-132
6022,-131
6023,-132
6024,-133
6025,-134
6026,-132
6027,-133
6028,-134
6029,-133
6030,-134
6031,-133
6032,-134
6033,-133
6034,-132
6035,-133
6036,-134
6037,-133
6038,-134
6039,-135
6040,-133
6041,-132
6042,-132
6043,-131
6044,-131
6045,-130
6046,-131
6047,-132
6048,-130
6049,-129
6050,-128
6051,-127
6052,-127
6053,-126
6054,-125
6055,-126
6056,-125
6057,-124
6058,-124
6059,-124
6060,-125
6061,-124
6062,-123
6063,-123
6064,-122
6065,-120
6066,-121
6067,-122
6068,-123
6069,-122
6070,-121
6071,-122
6072,-123
6073,-124
6074,-122
6075,-121
6076,-122
6077,-121
6078,-122
6079,-121
6080,-120
6081,-119
6082,-118
6083,-116
6084,-115
6085,-114
6086,-115
6087,-116
6088,-117
6089,-117
6090,-118
6091,-119
6092,-120
6093,-119
6094,-120
6095,-119
6096,-118
6097,-117
6098,-118
6099,-118
6100,-116
6101,-116
6102,-115
6103,-114
6104,-112
6105,-113
6106,-114
6107,-115
6108,-116
6109,-117
6110,-117
6111,-116
6112,-117
6113,-116
6114,-117
6115,-116
6116,-117
6117,-116
6118,-115
6119,-116
6120,-117
6121,-118
6122,-117
6123,-118
6124,-118
6125,-116
6126,-117
6127,-116
6128,-117
6129,-118
6130,-118
6131,-117
6132,-118
6133,-119
6134,-118
6135,-119
6136,-117
6137,-115
6138,-116
6139,-117
6140,-117
6141,-116
6142,-115
6143,-114
6144,-115
6145,-113
6146,-112
6147,-111
6148,-112
6149,-112
6150,-113
6151,-112
6152,-111
6153,-110
6154,-110
6155,-110
6156,-109
6157,-108
6158,-108
6159,-109
6160,-108
6161,-107
6162,-106
6163,-104
6164,-105
6165,-104
6166,-105
6167,-106
6168,-106
6169,-105
6170,-104
6171,-104
6172,-105
6173,-106
6174,-107
6175,-108
6176,-107
6177,-106
6178,-105
6179,-104
6180,-103
6181,-102
6182,-101
6183,-100
6184,-101
6185,-102
6186,-100
6187,-99
6188,-98
6189,-99
6190,-98
6191,-99
6192,-100
6193,-99
6194,-100
6195,-99
6196,-97
6197,-98
6198,-99
6199,-100
6200,-101
6201,-102
6202,-103
6203,-102
6204,-101
6205,-100
6206,-99
6207,-100
6208,-99
6209,-98
6210,-97
6211,-97
6212,-97
6213,-96
6214,-97
6215,-98
6216,-99
6217,-100
6218,-99
6219,-98
6220,-99
6221,-98
6222,-97
6223,-98
6224,-99
6225,-100
6226,-101
6227,-99
6228,-99
6229,-100
6230,-99
6231,-98
6232,-99
6233,-98
6234,-99
6235,-98
6236,-97
6237,-98
6238,-98
6239,-99
6240,-100
6241,-101
6242,-102
6243,-103
6244,-104
6245,-103
6246,-104
6247,-103
6248,-104
6249,-105
6250,-106
6251,-105
6252,-104
6253,-103
6254,-102
6255,-103
6256,-104
6257,-105
6258,-106
6259,-105
6260,-106
6261,-107
6262,-108
6263,-109
6264,-110
6265,-110
6266,-111
6267,-111
6268,-112
6269,-111
6270,-112
6271,-111
6272,-109
6273,-108
6274,-108
6275,-109
6276,-108
6277,-107
6278,-107
6279,-108
6280,-109
6281,-107
6282,-108
6283,-106
6284,-106
6285,-104
6286,-103
6287,-104
6288,-105
6289,-106
6290,-107
6291,-108
6292,-109
6293,-108
6294,-107
6295,-108
6296,-109
6297,-110
6298,-109
6299,-110
6300,-111
6301,-112
6302,-111
6303,-112
6304,-111
6305,-110
6306,-109
6307,-110
6308,-111
6309,-110
6310,-111
6311,-112
6312,-113
6313,-114
6314,-113
6315,-111
6316,-112
6317,-113
6318,-112
6319,-110
6320,-108
6321,-107
6322,-105
6323,-106
6324,-107
6325,-108
6326,-108
6327,-109
6328,-108
6329,-107
6330,-105
6331,-106
6332,-105
6333,-106
6334,-107
6335,-108
6336,-107
6337,-107
6338,-108
6339,-109
6340,-110
6341,-111
6342,-109
6343,-108
6344,-109
6345,-108
6346,-107
6347,-108
6348,-107
6349,-106
6350,-107
6351,-108
6352,-108
6353,-109
6354,-110
6355,-111
6356,-112
6357,-112
6358,-111
6359,-112
6360,-111
6361,-110
6362,-109
6363,-108
6364,-108
6365,-107
6366,-108
6367,-109
6368,-108
6369,-107
6370,-106
6371,-105
6372,-106
6373,-105
6374,-106
6375,-107
6376,-106
6377,-107
6378,-108
6379,-109
6380,-108
6381,-107
6382,-105
6383,-106
6384,-105
6385,-106
6386,-105
6387,-106
6388,-107
6389,-106
6390,-105
6391,-105
6392,-106
6393,-107
6394,-108
6395,-109
6396,-110
6397,-110
6398,-111
6399,-112
6400,-113
6401,-112
6402,-111
6403,-110
6404,-109
6405,-110
6406,-111
6407,-112
6408,-110
6409,-109
6410,-108
6411,-108
6412,-107
6413,-106
6414,-104
6415,-103
6416,-102
6417,-103
6418,-103
6419,-104
6420,-105
6421,-105
6422,-104
6423,-103
6424,-104
6425,-105
6426,-104
6427,-103
6428,-103
6429,-104
6430,-105
6431,-106
6432,-107
6433,-108
6434,-109
6435,-107
6436,-107
6437,-107
6438,-106
6439,-105
6440,-106
6441,-107
6442,-106
6443,-105
6444,-104
6445,-105
6446,-105
6447,-105
6448,-106
6449,-107
6450,-106
6451,-105
6452,-106
6453,-107
6454,-106
6455,-106
6456,-105
6457,-106
6458,-107
6459,-106
6460,-105
6461,-104
6462,-105
6463,-106
6464,-105
6465,-105
6466,-104
6467,-105
6468,-104
6469,-102
6470,-101
6471,-102
6472,-103
6473,-102
6474,-101
6475,-102
6476,-103
6477,-102
6478,-103
6479,-102
6480,-103
6481,-104
6482,-103
6483,-102
6484,-103
6485,-104
6486,-105
6487,-106
6488,-107
6489,-108
6490,-109
6491,-108
6492,-108
6493,-109
6494,-110
6495,-109
6496,-110
6497,-110
6498,-109
6499,-107
6500,-108
6501,-107
6502,-105
6503,-106
6504,-105
6505,-104
6506,-105
6507,-105
6508,-104
6509,-105
6510,-106
6511,-105
6512,-106
6513,-107
6514,-108
6515,-107
6516,-106
6517,-105
6518,-104
6519,-103
6520,-104
6521,-102
6522,-103
6523,-102
6524,-103
6525,-102
6526,-103
6527,-104
6528,-105
6529,-106
6530,-104
6531,-105
6532,-106
6533,-105
6534,-106
6535,-106
6536,-107
6537,-106
6538,-105
6539,-106
6540,-104
6541,-105
6542,-106
6543,-107
6544,-108
6545,-109
6546,-108
6547,-109
6548,-108
6549,-109
6550,-108
6551,-107
6552,-107
6553,-106
6554,-107
6555,-108
6556,-109
6557,-108
6558,-109
6559,-110
6560,-109
6561,-110
6562,-109
6563,-110
6564,-111
6565,-112
6566,-113
6567,-112
6568,-112
6569,-111
6570,-110
6571,-111
6572,-110
6573,-109
6574,-110
6575,-111
6576,-112
6577,-112
6578,-113
6579,-114
6580,-115
6581,-116
6582,-115
6583,-116
6584,-117
6585,-118
6586,-119
6587,-120
6588,-119
6589,-118
6590,-118
6591,-119
6592,-118
6593,-119
6594,-120
6595,-119
6596,-120
6597,-121
6598,-120
6599,-121
6600,-122
6601,-123
6602,-122
6603,-121
6604,-120
6605,-120
6606,-119
6607,-120
6608,-121
6609,-122
6610,-121
6611,-121
6612,-121
6613,-120
6614,-119
6615,-120
6616,-121
6617,-120
6618,-121
6619,-120
6620,-121
6621,-122
6622,-121
6623,-120
6624,-121
6625,-120
6626,-118
6627,-119
6628,-118
6629,-117
6630,-116
6631,-116
6632,-117
6633,-116
6634,-117
6635,-117
6636,-116
6637,-117
6638,-115
6639,-116
6640,-117
6641,-118
6642,-117
6643,-117
6644,-116
6645,-115
6646,-115
6647,-114
6648,-115
6649,-114
6650,-115
6651,-116
6652,-115
6653,-114
6654,-115
6655,-116
6656,-117
6657,-118
6658,-117
6659,-116
6660,-115
6661,-114
6662,-113
6663,-114
6664,-115
6665,-116
6666,-115
6667,-115
6668,-116
6669,-117
6670,-118
6671,-117
6672,-116
6673,-115
6674,-113
6675,-113
6676,-112
6677,-113
6678,-114
6679,-115
6680,-114
6681,-115
6682,-114
6683,-113
6684,-112
6685,-113
6686,-114
6687,-113
6688,-114
6689,-113
6690,-112
6691,-113
6692,-114
6693,-113
6694,-112
6695,-111
6696,-112
6697,-111
6698,-112
6699,-111
6700,-112
6701,-113
6702,-114
6703,-115
6704,-116
6705,-115
6706,-114
6707,-114
6708,-113
6709,-112
6710,-113
6711,-112
6712,-113
6713,-113
6714,-112
6715,-113
6716,-114
6717,-115
6718,-114
6719,-113
6720,-112
6721,-113
6722,-112
6723,-111
6724,-110
6725,-109
6726,-110
6727,-109
6728,-110
6729,-111
6730,-112
6731,-111
6732,-109
6733,-110
6734,-111
6735,-112
6736,-111
6737,-111
6738,-112
6739,-111
6740,-111
6741,-111
6742,-110
6743,-111
6744,-110
6745,-108
6746,-106
6747,-106
6748,-107
6749,-106
6750,-107
6751,-108
6752,-108
6753,-109
6754,-110
6755,-111
6756,-110
6757,-109
6758,-110
6759,-110
6760,-111
6761,-111
6762,-111
6763,-112
6764,-113
6765,-112
6766,-110
6767,-108
6768,-108
6769,-109
6770,-110
6771,-109
6772,-110
6773,-109
6774,-110
6775,-111
6776,-112
6777,-113
6778,-112
6779,-111
6780,-112
6781,-111
6782,-112
6783,-112
6784,-113
6785,-114
6786,-115
6787,-116
6788,-115
6789,-116
6790,-116
6791,-117
6792,-118
6793,-119
6794,-118
6795,-119
6796,-118
6797,-117
6798,-116
6799,-117
6800,-116
6801,-115
6802,-114
6803,-113
6804,-112
6805,-113
6806,-114
6807,-113
6808,-112
6809,-113
6810,-112
6811,-113
6812,-114
6813,-115
6814,-114
6815,-113
6816,-114
6817,-115
6818,-116
6819,-117
6820,-116
6821,-115
6822,-114
6823,-115
6824,-116
6825,-117
6826,-118
6827,-119
6828,-120
6829,-120
6830,-121
6831,-121
6832,-119
6833,-118
6834,-117
6835,-118
6836,-118
6837,-119
6838,-118
6839,-119
6840,-118
6841,-119
6842,-120
6843,-121
6844,-120
6845,-120
6846,-119
6847,-120
6848,-120
6849,-121
6850,-121
6851,-120
6852,-121
6853,-121
6854,-122
6855,-121
6856,-122
6857,-122
6858,-122
6859,-121
6860,-122
6861,-121
6862,-121
6863,-120
6864,-120
6865,-120
6866,-121
6867,-120
6868,-121
6869,-120
6870,-119
6871,-118
6872,-117
6873,-116
6874,-114
6875,-115
6876,-113
6877,-114
6878,-115
6879,-114
6880,-114
6881,-113
6882,-112
6883,-113
6884,-114
6885,-115
6886,-114
6887,-114
6888,-115
6889,-115
6890,-114
6891,-115
6892,-114
6893,-115
6894,-116
6895,-115
6896,-114
6897,-113
6898,-114
6899,-114
6900,-113
6901,-114
6902,-113
6903,-112
6904,-111
6905,-112
6906,-113
6907,-114
6908,-113
6909,-114
6910,-113
6911,-113
6912,-112
6913,-110
6914,-109
6915,-108
6916,-109
6917,-110
6918,-109
6919,-107
6920,-108
6921,-107
6922,-106
6923,-106
6924,-105
6925,-104
6926,-105
6927,-105
6928,-104
6929,-105
6930,-103
6931,-102
6932,-103
6933,-102
6934,-101
6935,-102
6936,-103
6937,-104
6938,-105
6939,-105
6940,-106
6941,-105
6942,-106
6943,-107
6944,-106
6945,-105
6946,-104
6947,-105
6948,-104
6949,-105
6950,-106
6951,-107
6952,-107
6953,-108
6954,-109
6955,-110
6956,-109
6957,-110
6958,-109
6959,-108
6960,-109
6961,-110
6962,-111
6963,-112
6964,-113
6965,-112
6966,-113
6967,-114
6968,-113
6969,-114
6970,-113
6971,-113
6972,-112
6973,-113
6974,-114
6975,-113
6976,-113
6977,-114
6978,-115
6979,-114
6980,-115
6981,-115
6982,-114
6983,-113
6984,-112
6985,-112
6986,-112
6987,-111
6988,-110
6989,-109
6990,-110
6991,-111
6992,-112
6993,-113
6994,-112
6995,-111
6996,-112
6997,-113
6998,-112
6999,-113
7000,-114
7001,-115
7002,-114
7003,-115
7004,-116
7005,-116
7006,-117
7007,-118
7008,-117
7009,-117
7010,-116
7011,-115
7012,-116
7013,-117
7014,-116
7015,-117
7016,-118
7017,-117
7018,-118
7019,-119
7020,-120
7021,-119
7022,-118
7023,-117
7024,-116
7025,-115
7026,-114
7027,-113
7028,-114
7029,-115
7030,-114
7031,-113
7032,-114
7033,-112
7034,-113
7035,-114
7036,-113
7037,-114
7038,-115
7039,-114
7040,-115
7041,-116
7042,-117
7043,-118
7044,-118
7045,-117
7046,-116
7047,-117
7048,-118
7049,-119
7050,-120
7051,-119
7052,-118
7053,-117
7054,-118
7055,-119
7056,-118
7057,-119
7058,-120
7059,-120
7060,-119
7061,-119
7062,-119
7063,-118
7064,-117
7065,-118
7066,-116
7067,-117
7068,-116
7069,-117
7070,-118
7071,-119
7072,-120
7073,-119
7074,-120
7075,-120
7076,-120
7077,-120
7078,-118
7079,-119
7080,-119
7081,-120
7082,-119
7083,-118
7084,-117
7085,-118
7086,-117
7087,-116
7088,-117
7089,-117
7090,-118
7091,-119
7092,-120
7093,-121
7094,-120
7095,-119
7096,-120
7097,-120
7098,-121
7099,-119
7100,-120
7101,-119
7102,-120
7103,-121
7104,-122
7105,-121
7106,-120
7107,-119
7108,-120
7109,-119
7110,-118
7111,-117
7112,-118
7113,-117
7114,-116
7115,-117
7116,-118
7117,-118
7118,-117
7119,-116
7120,-116
7121,-115
7122,-115
7123,-114
7124,-115
7125,-116
7126,-114
7127,-115
7128,-114
7129,-113
7130,-114
7131,-113
7132,-114
7133,-113
7134,-114
7135,-115
7136,-116
7137,-115
7138,-113
7139,-114
7140,-113
7141,-114
7142,-113
7143,-112
7144,-111
7145,-112
7146,-113
7147,-114
7148,-113
7149,-112
7150,-111
7151,-112
7152,-111
7153,-112
7154,-113
7155,-112
7156,-111
7157,-112
7158,-113
7159,-114
7160,-115
7161,-116
7162,-115
7163,-116
7164,-115
7165,-114
7166,-115
7167,-116
7168,-115
7169,-116
7170,-115
7171,-116
7172,-117
7173,-116
7174,-117
7175,-116
7176,-115
7177,-114
7178,-113
7179,-114
7180,-115
7181,-113
7182,-112
7183,-111
7184,-110
7185,-109
7186,-110
7187,-109
7188,-110
7189,-111
7190,-112
7191,-113
7192,-114
7193,-115
7194,-116
7195,-116
7196,-117
7197,-116
7198,-115
7199,-116
7200,-117
7201,-116
7202,-117
7203,-118
7204,-118
7205,-117
7206,-116
7207,-115
7208,-116
7209,-115
7210,-114
7211,-113
7212,-111
7213,-112
7214,-113
7215,-114
7216,-115
7217,-114
7218,-113
7219,-114
7220,-115
7221,-114
7222,-112
7223,-111
7224,-112
7225,-112
7226,-111
7227,-112
7228,-111
7229,-110
7230,-109
7231,-108
7232,-109
7233,-110
7234,-109
7235,-110
7236,-111
7237,-111
7238,-110
7239,-110
7240,-111
7241,-112
7242,-113
7243,-114
7244,-114
7245,-115
7246,-115
7247,-114
7248,-113
7249,-114
7250,-113
7251,-114
7252,-113
7253,-113
7254,-114
7255,-115
7256,-116
7257,-117
7258,-116
7259,-117
7260,-118
7261,-117
7262,-118
7263,-117
7264,-118
7265,-119
7266,-120
7267,-121
7268,-122
7269,-122
7270,-121
7271,-120
7272,-119
7273,-120
7274,-121
7275,-120
7276,-121
7277,-122
7278,-123
7279,-124
7280,-125
7281,-126
7282,-127
7283,-128
7284,-129
7285,-130
7286,-131
7287,-130
7288,-131
7289,-130
7290,-129
7291,-130
7292,-129
7293,-128
7294,-127
7295,-126
7296,-125
7297,-124
7298,-122
7299,-123
7300,-122
7301,-123
7302,-122
7303,-122
7304,-123
7305,-124
7306,-125
7307,-124
7308,-123
7309,-122
7310,-123
7311,-122
7312,-123
7313,-124
7314,-125
7315,-124
7316,-125
7317,-124
7318,-125
7319,-124
7320,-125
7321,-126
7322,-126
7323,-127
7324,-126
7325,-125
7326,-126
7327,-127
7328,-128
7329,-129
7330,-127
7331,-125
7332,-126
7333,-127
7334,-128
7335,-129
7336,-130
7337,-131
7338,-132
7339,-131
7340,-130
7341,-129
7342,-127
7343,-128
7344,-127
7345,-126
7346,-127
7347,-128
7348,-129
7349,-128
7350,-127
7351,-126
7352,-125
7353,-123
7354,-124
7355,-124
7356,-123
7357,-124
7358,-123
7359,-121
7360,-122
7361,-121
7362,-120
7363,-121
7364,-120
7365,-119
7366,-118
7367,-119
7368,-119
7369,-120
7370,-119
7371,-120
7372,-119
7373,-117
7374,-116
7375,-114
7376,-114
7377,-113
7378,-112
7379,-113
7380,-113
7381,-112
7382,-113
7383,-112
7384,-113
7385,-111
7386,-110
7387,-111
7388,-112
7389,-113
7390,-112
7391,-111
7392,-112
7393,-113
7394,-114
7395,-115
7396,-116
7397,-115
7398,-114
7399,-115
7400,-114
7401,-115
7402,-114
7403,-115
7404,-116
7405,-117
7406,-118
7407,-117
7408,-117
7409,-116
7410,-115
7411,-114
7412,-115
7413,-114
7414,-115
7415,-114
7416,-115
7417,-116
7418,-117
7419,-118
7420,-117
7421,-118
7422,-117
7423,-118
7424,-119
7425,-120
7426,-119
7427,-120
7428,-121
7429,-119
7430,-119
7431,-120
7432,-120
7433,-119
7434,-120
7435,-121
7436,-122
7437,-123
7438,-122
7439,-121
7440,-121
7441,-121
7442,-121
7443,-120
7444,-121
7445,-122
7446,-123
7447,-124
7448,-124
7449,-123
7450,-124
7451,-123
7452,-124
7453,-125
7454,-126
7455,-125
7456,-126
7457,-127
7458,-128
7459,-128
7460,-129
7461,-127
7462,-127
7463,-128
7464,-127
7465,-128
7466,-127
7467,-128
7468,-129
7469,-129
7470,-128
7471,-127
7472,-128
7473,-127
7474,-127
7475,-128
7476,-129
7477,-128
7478,-129
7479,-130
7480,-130
7481,-129
7482,-130
7483,-129
7484,-129
7485,-130
7486,-131
7487,-131
7488,-132
7489,-131
7490,-130
7491,-131
7492,-130
7493,-130
7494,-131
7495,-132
7496,-131
7497,-130
7498,-129
7499,-130
7500,-131
7501,-131
7502,-132
7503,-131
7504,-132
7505,-133
7506,-134
7507,-135
7508,-136
7509,-135
7510,-134
7511,-133
7512,-132
7513,-133
7514,-132
7515,-132
7516,-131
7517,-132
7518,-133
7519,-133
7520,-131
7521,-132
7522,-131
7523,-132
7524,-131
7525,-129
7526,-128
7527,-129
7528,-130
7529,-131
7530,-132
7531,-131
7532,-131
7533,-130
7534,-131
7535,-130
7536,-129
7537,-128
7538,-129
7539,-130
7540,-131
7541,-132
7542,-131
7543,-132
7544,-133
7545,-133
7546,-134
7547,-135
7548,-134
7549,-135
7550,-134
7551,-135
7552,-134
7553,-135
7554,-136
7555,-135
7556,-136
7557,-137
7558,-136
7559,-137
7560,-138
7561,-139
7562,-140
7563,-139
7564,-138
7565,-139
7566,-138
7567,-139
7568,-140
7569,-139
7570,-138
7571,-139
7572,-138
7573,-137
7574,-136
7575,-134
7576,-133
7577,-132
7578,-133
7579,-134
7580,-135
7581,-136
7582,-137
7583,-138
7584,-139
7585,-138
7586,-137
7587,-136
7588,-137
7589,-136
7590,-137
7591,-135
7592,-134
7593,-134
7594,-135
7595,-133
7596,-134
7597,-133
7598,-134
7599,-132
7600,-133
7601,-134
7602,-134
7603,-133
7604,-131
7605,-132
7606,-131
7607,-131
7608,-131
7609,-132
7610,-131
7611,-132
7612,-132
7613,-133
7614,-134
7615,-132
7616,-133
7617,-132
7618,-132
7619,-133
7620,-134
7621,-134
7622,-135
7623,-136
7624,-136
7625,-137
7626,-136
7627,-135
7628,-136
7629,-135
7630,-136
7631,-136
7632,-137
7633,-138
7634,-137
7635,-138
7636,-139
7637,-138
7638,-136
7639,-137
7640,-136
7641,-135
7642,-134
7643,-135
7644,-135
7645,-134
7646,-133
7647,-133
7648,-134
7649,-134
7650,-133
7651,-132
7652,-131
7653,-132
7654,-132
7655,-132
7656,-133
7657,-132
7658,-133
7659,-134
7660,-132
7661,-131
7662,-130
7663,-129
7664,-130
7665,-129
7666,-128
7667,-126
7668,-127
7669,-128
7670,-129
7671,-129
7672,-128
7673,-127
7674,-128
7675,-129
7676,-130
7677,-131
7678,-130
7679,-129
7680,-128
7681,-129
7682,-129
7683,-130
7684,-130
7685,-131
7686,-132
7687,-131
7688,-130
7689,-129
7690,-130
7691,-131
7692,-132
7693,-133
7694,-132
7695,-133
7696,-134
7697,-133
7698,-132
7699,-133
7700,-134
7701,-133
7702,-132
7703,-133
7704,-132
7705,-131
7706,-131
7707,-132
7708,-131
7709,-132
7710,-131
7711,-130
7712,-129
7713,-130
7714,-129
7715,-127
7716,-126
7717,-127
7718,-125
7719,-124
7720,-125
7721,-124
7722,-125
7723,-126
7724,-127
7725,-128
7726,-128
7727,-129
7728,-130
7729,-129
7730,-128
7731,-129
7732,-129
7733,-128
7734,-129
7735,-128
7736,-127
7737,-128
7738,-129
7739,-128
7740,-129
7741,-130
7742,-131
7743,-130
7744,-131
7745,-130
7746,-131
7747,-129
7748,-130
7749,-129
7750,-130
7751,-129
7752,-130
7753,-129
7754,-129
7755,-130
7756,-131
7757,-132
7758,-132
7759,-133
7760,-133
7761,-134
7762,-133
7763,-132
7764,-133
7765,-132
7766,-131
7767,-130
7768,-131
7769,-132
7770,-133
7771,-134
7772,-135
7773,-136
7774,-135
7775,-135
7776,-136
7777,-135
7778,-134
7779,-133
7780,-134
7781,-133
7782,-132
7783,-131
7784,-131
7785,-130
7786,-131
7787,-132
7788,-131
7789,-130
7790,-129
7791,-128
7792,-129
7793,-130
7794,-131
7795,-130
7796,-129
7797,-128
7798,-129
7799,-129
7800,-128
7801,-127
7802,-128
7803,-127
7804,-126
7805,-127
7806,-126
7807,-127
7808,-128
7809,-129
7810,-130
7811,-129
7812,-130
7813,-131
7814,-132
7815,-131
7816,-130
7817,-131
7818,-129
7819,-130
7820,-129
7821,-128
7822,-129
7823,-128
7824,-129
7825,-129
7826,-128
7827,-127
7828,-128
7829,-127
7830,-126
7831,-124
7832,-123
7833,-124
7834,-123
7835,-122
7836,-121
7837,-122
7838,-122
7839,-121
7840,-122
7841,-123
7842,-122
7843,-123
7844,-122
7845,-121
7846,-122
7847,-123
7848,-123
7849,-124
7850,-123
7851,-124
7852,-125
7853,-126
7854,-127
7855,-128
7856,-129
7857,-130
7858,-131
7859,-131
7860,-129
7861,-128
7862,-129
7863,-130
7864,-131
7865,-132
7866,-133
7867,-132
7868,-131
7869,-130
7870,-131
7871,-132
7872,-131
7873,-132
7874,-133
7875,-133
7876,-134
7877,-135
7878,-134
7879,-133
7880,-134
7881,-133
7882,-134
7883,-135
7884,-136
7885,-136
7886,-135
7887,-136
7888,-137
7889,-138
7890,-139
7891,-138
7892,-137
7893,-137
7894,-138
7895,-137
7896,-136
7897,-137
7898,-136
7899,-136
7900,-137
7901,-138
7902,-137
7903,-137
7904,-136
7905,-137
7906,-138
7907,-137
7908,-136
7909,-137
7910,-136
7911,-135
7912,-136
7913,-135
7914,-134
7915,-135
7916,-134
7917,-133
7918,-134
7919,-135
7920,-134
7921,-133
7922,-132
7923,-133
7924,-134
7925,-133
7926,-132
7927,-131
7928,-132
7929,-133
7930,-134
7931,-133
7932,-132
7933,-133
7934,-133
7935,-132
7936,-130
7937,-130
7938,-129
7939,-128
7940,-128
7941,-129
7942,-128
7943,-128
7944,-129
7945,-128
7946,-127
7947,-128
7948,-129
7949,-130
7950,-129
7951,-128
7952,-129
7953,-128
7954,-129
7955,-130
7956,-131
7957,-130
7958,-131
7959,-130
7960,-131
7961,-132
7962,-131
7963,-132
7964,-133
7965,-132
7966,-133
7967,-134
7968,-134
7969,-134
7970,-135
7971,-136
7972,-136
7973,-137
7974,-138
7975,-139
7976,-140
7977,-139
7978,-138
7979,-137
7980,-136
7981,-137
7982,-136
7983,-135
7984,-134
7985,-135
7986,-134
7987,-135
7988,-136
7989,-137
7990,-138
7991,-139
7992,-140
7993,-138
7994,-138
7995,-139
7996,-138
7997,-139
7998,-140
7999,-138
8000,-137
8001,-136
8002,-137
8003,-138
8004,-139
8005,-138
8006,-138
8007,-139
8008,-138
8009,-137
8010,-138
8011,-137
8012,-137
8013,-138
8014,-137
8015,-136
8016,-134
8017,-135
8018,-134
8019,-133
8020,-134
8021,-135
8022,-134
8023,-133
8024,-134
8025,-135
8026,-134
8027,-135
8028,-134
8029,-133
8030,-131
8031,-132
8032,-131
8033,-130
8034,-131
8035,-132
8036,-131
8037,-132
8038,-131
8039,-132
8040,-131
8041,-130
8042,-129
8043,-128
8044,-127
8045,-128
8046,-128
8047,-128
8048,-126
8049,-126
8050,-127
8051,-125
8052,-126
8053,-125
8054,-124
8055,-123
8056,-123
8057,-122
8058,-123
8059,-124
8060,-123
8061,-122
8062,-121
8063,-120
8064,-120
8065,-121
8066,-122
8067,-122
8068,-120
8069,-121
8070,-120
8071,-121
8072,-120
8073,-121
8074,-120
8075,-119
8076,-118
8077,-118
8078,-119
8079,-120
8080,-121
8081,-122
8082,-123
8083,-123
8084,-123
8085,-122
8086,-121
8087,-121
8088,-120
8089,-121
8090,-122
8091,-121
8092,-119
8093,-118
8094,-117
8095,-118
8096,-119
8097,-119
8098,-118
8099,-119
8100,-120
8101,-119
8102,-120
8103,-121
8104,-120
8105,-118
8106,-119
8107,-118
8108,-117
8109,-118
8110,-117
8111,-116
8112,-117
8113,-118
8114,-119
8115,-118
8116,-119
8117,-118
8118,-117
8119,-118
8120,-118
8121,-118
8122,-117
8123,-118
8124,-117
8125,-118
8126,-117
8127,-118
8128,-117
8129,-118
8130,-117
8131,-116
8132,-117
8133,-118
8134,-117
8135,-116
8136,-117
8137,-116
8138,-115
8139,-114
8140,-115
8141,-114
8142,-113
8143,-114
8144,-113
8145,-113
8146,-112
8147,-110
8148,-109
8149,-110
8150,-110
8151,-111
8152,-110
8153,-111
8154,-112
8155,-113
8156,-114
8157,-115
8158,-116
8159,-117
8160,-118
8161,-119
8162,-120
8163,-121
8164,-122
8165,-123
8166,-122
8167,-121
8168,-122
8169,-121
8170,-122
8171,-121
8172,-120
8173,-121
8174,-122
8175,-123
8176,-122
8177,-121
8178,-120
8179,-121
8180,-122
8181,-123
8182,-122
8183,-123
8184,-124
8185,-123
8186,-122
8187,-123
8188,-124
8189,-125
8190,-126
8191,-125
8192,-126
8193,-125
8194,-126
8195,-127
8196,-128
8197,-127
8198,-126
8199,-127
8200,-126
8201,-127
8202,-126
8203,-127
8204,-126
8205,-127
8206,-128
8207,-129
8208,-130
8209,-128
8210,-129
8211,-130
8212,-131
8213,-130
8214,-129
8215,-130
8216,-131
8217,-132
8218,-133
8219,-134
8220,-135
8221,-136
8222,-137
8223,-136
8224,-135
8225,-134
8226,-135
8227,-136
8228,-135
8229,-136
8230,-137
8231,-138
8232,-138
8233,-139
8234,-140
8235,-141
8236,-142
8237,-143
8238,-142
8239,-143
8240,-142
8241,-143
8242,-144
8243,-145
8244,-144
8245,-143
8246,-143
8247,-144
8248,-143
8249,-144
8250,-143
8251,-142
8252,-141
8253,-140
8254,-138
8255,-139
8256,-140
8257,-141
8258,-142
8259,-142
8260,-141
8261,-140
8262,-139
8263,-140
8264,-139
8265,-140
8266,-141
8267,-140
8268,-140
8269,-139
8270,-138
8271,-137
8272,-138
8273,-139
8274,-138
8275,-139
8276,-138
8277,-139
8278,-140
8279,-139
8280,-140
8281,-141
8282,-142
8283,-143
8284,-144
8285,-145
8286,-146
8287,-147
8288,-146
8289,-147
8290,-146
8291,-147
8292,-147
8293,-147
8294,-148
8295,-149
8296,-150
8297,-149
8298,-150
8299,-150
8300,-151
8301,-152
8302,-151
8303,-152
8304,-151
8305,-150
8306,-150
8307,-149
8308,-148
8309,-148
8310,-149
8311,-148
8312,-148
8313,-149
8314,-147
8315,-148
8316,-146
8317,-146
8318,-147
8319,-148
8320,-149
8321,-150
8322,-149
8323,-150
8324,-151
8325,-152
8326,-152
8327,-153
8328,-152
8329,-153
8330,-154
8331,-153
8332,-153
8333,-154
8334,-155
8335,-154
8336,-153
8337,-154
8338,-155
8339,-153
8340,-154
8341,-155
8342,-154
8343,-153
8344,-154
8345,-153
8346,-151
8347,-150
8348,-149
8349,-148
8350,-149
8351,-150
8352,-151
8353,-150
8354,-149
8355,-149
8356,-148
8357,-147
8358,-148
8359,-147
8360,-148
8361,-149
8362,-150
8363,-150
8364,-151
8365,-152
8366,-153
8367,-154
8368,-155
8369,-156
8370,-157
8371,-158
8372,-158
8373,-157
8374,-158
8375,-156
8376,-155
8377,-156
8378,-154
8379,-155
8380,-156
8381,-157
8382,-158
8383,-156
8384,-157
8385,-156
8386,-157
8387,-156
8388,-155
8389,-154
8390,-155
8391,-153
8392,-152
8393,-151
8394,-152
8395,-153
8396,-152
8397,-153
8398,-152
8399,-151
8400,-152
8401,-152
8402,-151
8403,-152
8404,-153
8405,-154
8406,-155
8407,-154
8408,-155
8409,-156
8410,-156
8411,-155
8412,-154
8413,-155
8414,-156
8415,-157
8416,-156
8417,-157
8418,-158
8419,-159
8420,-158
8421,-158
8422,-158
8423,-159
8424,-157
8425,-156
8426,-156
8427,-155
8428,-156
8429,-155
8430,-154
8431,-155
8432,-156
8433,-155
8434,-156
8435,-155
8436,-153
8437,-154
8438,-153
8439,-152
8440,-151
8441,-152
8442,-153
8443,-154
8444,-155
8445,-156
8446,-157
8447,-156
8448,-157
8449,-155
8450,-156
8451,-155
8452,-156
8453,-155
8454,-156
8455,-155
8456,-154
8457,-153
8458,-152
8459,-152
8460,-153
8461,-153
8462,-153
8463,-154
8464,-153
8465,-152
8466,-151
8467,-152
8468,-151
8469,-150
8470,-149
8471,-149
8472,-150
8473,-149
8474,-150
8475,-149
8476,-149
8477,-148
8478,-149
8479,-148
8480,-149
8481,-148
8482,-147
8483,-146
8484,-147
8485,-145
8486,-146
8487,-146
8488,-147
8489,-148
8490,-149
8491,-150
8492,-150
8493,-149
8494,-150
8495,-151
8496,-152
8497,-153
8498,-154
8499,-154
8500,-154
8501,-152
8502,-151
8503,-150
8504,-151
8505,-150
8506,-150
8507,-150
8508,-151
8509,-150
8510,-149
8511,-148
8512,-147
8513,-148
8514,-149
8515,-150
8516,-149
8517,-150
8518,-151
8519,-152
8520,-153
8521,-151
8522,-150
8523,-151
8524,-150
8525,-149
8526,-150
8527,-151
8528,-151
8529,-152
8530,-153
8531,-154
8532,-155
8533,-154
8534,-155
8535,-154
8536,-152
8537,-153
8538,-152
8539,-151
8540,-150
8541,-149
8542,-148
8543,-147
8544,-148
8545,-149
8546,-150
8547,-151
8548,-152
8549,-153
8550,-154
8551,-152
8552,-153
8553,-154
8554,-153
8555,-152
8556,-152
8557,-153
8558,-154
8559,-153
8560,-153
8561,-152
8562,-151
8563,-152
8564,-153
8565,-154
8566,-153
8567,-154
8568,-155
8569,-156
8570,-156
8571,-156
8572,-157
8573,-158
8574,-159
8575,-160
8576,-159
8577,-160
8578,-161
8579,-160
8580,-159
8581,-159
8582,-160
8583,-161
8584,-162
8585,-163
8586,-162
8587,-162
8588,-163
8589,-162
8590,-161
8591,-162
8592,-163
8593,-164
8594,-165
8595,-164
8596,-165
8597,-164
8598,-165
8599,-166
8600,-167
8601,-166
8602,-167
8603,-167
8604,-168
8605,-167
8606,-168
8607,-168
8608,-167
8609,-168
8610,-169
8611,-170
8612,-170
8613,-169
8614,-170
8615,-171
8616,-170
8617,-168
8618,-167
8619,-166
8620,-167
8621,-168
8622,-169
8623,-170
8624,-171
8625,-172
8626,-173
8627,-173
8628,-172
8629,-171
8630,-170
8631,-168
8632,-166
8633,-167
8634,-167
8635,-166
8636,-167
8637,-168
8638,-169
8639,-168
8640,-167
8641,-167
8642,-168
8643,-166
8644,-167
8645,-168
8646,-169
8647,-170
8648,-169
8649,-168
8650,-167
8651,-168
8652,-167
8653,-168
8654,-169
8655,-170
8656,-170
8657,-170
8658,-169
8659,-168
8660,-169
8661,-170
8662,-169
8663,-167
8664,-166
8665,-165
8666,-166
8667,-167
8668,-166
8669,-167
8670,-166
8671,-167
8672,-166
8673,-165
8674,-164
8675,-165
8676,-164
8677,-165
8678,-166
8679,-167
8680,-168
8681,-169
8682,-167
8683,-166
8684,-165
8685,-166
8686,-167
8687,-168
8688,-169
8689,-168
8690,-167
8691,-168
8692,-169
8693,-170
8694,-171
8695,-172
8696,-173
8697,-172
8698,-171
8699,-172
8700,-171
8701,-170
8702,-169
8703,-168
8704,-167
8705,-165
8706,-164
8707,-163
8708,-162
8709,-161
8710,-160
8711,-161
8712,-160
8713,-158
8714,-157
8715,-158
8716,-157
8717,-156
8718,-157
8719,-158
8720,-158
8721,-159
8722,-160
8723,-161
8724,-160
8725,-160
8726,-161
8727,-162
8728,-162
8729,-162
8730,-163
8731,-164
8732,-163
8733,-164
8734,-164
8735,-163
8736,-162
8737,-163
8738,-164
8739,-165
8740,-166
8741,-165
8742,-166
8743,-167
8744,-166
8745,-167
8746,-168
8747,-168
8748,-169
8749,-170
8750,-171
8751,-170
8752,-171
8753,-170
8754,-169
8755,-167
8756,-165
8757,-166
8758,-165
8759,-164
8760,-164
8761,-163
8762,-164
8763,-163
8764,-164
8765,-164
8766,-165
8767,-163
8768,-162
8769,-160
8770,-160
8771,-161
8772,-160
8773,-159
8774,-158
8775,-157
8776,-155
8777,-156
8778,-155
8779,-156
8780,-157
8781,-158
8782,-159
8783,-160
8784,-161
8785,-161
8786,-162
8787,-161
8788,-160
8789,-159
8790,-160
8791,-158
8792,-159
8793,-158
8794,-159
8795,-160
8796,-159
8797,-159
8798,-159
8799,-160
8800,-159
8801,-158
8802,-159
8803,-159
8804,-158
8805,-159
8806,-160
8807,-159
8808,-158
8809,-157
8810,-156
8811,-157
8812,-158
8813,-157
8814,-156
8815,-155
8816,-154
8817,-155
8818,-156
8819,-157
8820,-158
8821,-159
8822,-160
8823,-159
8824,-158
8825,-159
8826,-158
8827,-158
8828,-159
8829,-160
8830,-159
8831,-159
8832,-160
8833,-159
8834,-160
8835,-161
8836,-160
8837,-159
8838,-158
8839,-159
8840,-160
8841,-161
8842,-160
8843,-161
8844,-160
8845,-159
8846,-158
8847,-157
8848,-157
8849,-158
8850,-158
8851,-157
8852,-158
8853,-157
8854,-158
8855,-159
8856,-157
8857,-158
8858,-159
8859,-160
8860,-159
8861,-158
8862,-159
8863,-160
8864,-160
8865,-161
8866,-160
8867,-161
8868,-162
8869,-162
8870,-161
8871,-160
8872,-159
8873,-159
8874,-160
8875,-159
8876,-160
8877,-159
8878,-160
8879,-159
8880,-160
8881,-159
8882,-160
8883,-161
8884,-160
8885,-159
8886,-158
8887,-159
8888,-157
8889,-158
8890,-157
8891,-158
8892,-158
8893,-159
8894,-160
8895,-161
8896,-162
8897,-163
8898,-164
8899,-165
8900,-164
8901,-165
8902,-164
8903,-163
8904,-164
8905,-165
8906,-164
8907,-165
8908,-166
8909,-167
8910,-168
8911,-168
8912,-167
8913,-166
8914,-165
8915,-166
8916,-167
8917,-167
8918,-168
8919,-167
8920,-168
8921,-167
8922,-168
8923,-169
8924,-168
8925,-167
8926,-166
8927,-167
8928,-166
8929,-167
8930,-168
8931,-169
8932,-168
8933,-167
8934,-168
8935,-167
8936,-166
8937,-167
8938,-167
8939,-166
8940,-167
8941,-168
8942,-169
8943,-170
8944,-170
8945,-169
8946,-170
8947,-171
8948,-170
8949,-171
8950,-172
8951,-172
8952,-171
8953,-170
8954,-169
8955,-168
8956,-169
8957,-170
8958,-171
8959,-172
8960,-171
8961,-171
8962,-172
8963,-171
8964,-172
8965,-173
8966,-172
8967,-173
8968,-174
8969,-173
8970,-174
8971,-175
8972,-173
8973,-173
8974,-173
8975,-172
8976,-173
8977,-172
8978,-171
8979,-172
8980,-173
8981,-174
8982,-173
8983,-171
8984,-170
8985,-169
8986,-169
8987,-170
8988,-169
8989,-168
8990,-169
8991,-170
8992,-169
8993,-169
8994,-170
8995,-170
8996,-169
8997,-170
8998,-169
8999,-170
9000,-169
9001,-168
9002,-169
9003,-167
9004,-166
9005,-167
9006,-168
9007,-169
9008,-167
9009,-168
9010,-169
9011,-170
9012,-171
9013,-170
9014,-170
9015,-169
9016,-170
9017,-171
9018,-172
9019,-173
9020,-174
9021,-173
9022,-174
9023,-175
9024,-176
9025,-177
9026,-176
9027,-177
9028,-177
9029,-176
9030,-175
9031,-176
9032,-177
9033,-176
9034,-176
9035,-177
9036,-176
9037,-175
9038,-174
9039,-173
9040,-171
9041,-172
9042,-171
9043,-170
9044,-168
9045,-169
9046,-168
9047,-169
9048,-168
9049,-167
9050,-168
9051,-167
9052,-168
9053,-169
9054,-170
9055,-171
9056,-170
9057,-171
9058,-169
9059,-168
9060,-168
9061,-167
9062,-168
9063,-169
9064,-169
9065,-168
9066,-168
9067,-169
9068,-168
9069,-167
9070,-168
9071,-167
9072,-166
9073,-165
9074,-166
9075,-167
9076,-166
9077,-165
9078,-166
9079,-166
9080,-167
9081,-166
9082,-165
9083,-164
9084,-165
9085,-164
9086,-165
9087,-166
9088,-165
9089,-164
9090,-165
9091,-166
9092,-165
9093,-166
9094,-167
9095,-168
9096,-167
9097,-168
9098,-168
9099,-167
9100,-166
9101,-167
9102,-168
9103,-169
9104,-170
9105,-171
9106,-170
9107,-171
9108,-172
9109,-171
9110,-170
9111,-171
9112,-172
9113,-170
9114,-169
9115,-168
9116,-169
9117,-168
9118,-169
9119,-169
9120,-168
9121,-167
9122,-168
9123,-169
9124,-170
9125,-171
9126,-169
9127,-170
9128,-170
9129,-169
9130,-168
9131,-166
9132,-167
9133,-166
9134,-165
9135,-166
9136,-167
9137,-166
9138,-167
9139,-166
9140,-165
9141,-166
9142,-165
9143,-166
9144,-165
9145,-166
9146,-167
9147,-167
9148,-167
9149,-167
9150,-166
9151,-165
9152,-164
9153,-163
9154,-164
9155,-163
9156,-164
9157,-163
9158,-161
9159,-162
9160,-161
9161,-160
9162,-161
9163,-160
9164,-160
9165,-158
9166,-158
9167,-159
9168,-158
9169,-157
9170,-158
9171,-158
9172,-159
9173,-158
9174,-157
9175,-158
9176,-157
9177,-156
9178,-157
9179,-158
9180,-159
9181,-160
9182,-161
9183,-162
9184,-160
9185,-159
9186,-160
9187,-159
9188,-158
9189,-157
9190,-156
9191,-155
9192,-156
9193,-157
9194,-158
9195,-157
9196,-158
9197,-158
9198,-159
9199,-160
9200,-161
9201,-162
9202,-161
9203,-160
9204,-158
9205,-159
9206,-158
9207,-159
9208,-160
9209,-159
9210,-160
9211,-158
9212,-158
9213,-159
9214,-158
9215,-158
9216,-159
9217,-160
9218,-159
9219,-158
9220,-156
9221,-155
9222,-156
9223,-155
9224,-154
9225,-153
9226,-152
9227,-152
9228,-153
9229,-154
9230,-153
9231,-153
9232,-154
9233,-153
9234,-154
9235,-155
9236,-155
9237,-156
9238,-156
9239,-157
9240,-158
9241,-159
9242,-159
9243,-159
9244,-159
9245,-158
9246,-159
9247,-158
9248,-159
9249,-160
9250,-160
9251,-159
9252,-160
9253,-159
9254,-158
9255,-158
9256,-159
9257,-158
9258,-157
9259,-156
9260,-155
9261,-154
9262,-153
9263,-154
9264,-152
9265,-151
9266,-150
9267,-150
9268,-151
9269,-152
9270,-151
9271,-149
9272,-150
9273,-151
9274,-150
9275,-151
9276,-152
9277,-153
9278,-154
9279,-153
9280,-151
9281,-152
9282,-153
9283,-154
9284,-155
9285,-156
9286,-157
9287,-156
9288,-155
9289,-156
9290,-157
9291,-158
9292,-159
9293,-158
9294,-156
9295,-157
9296,-156
9297,-157
9298,-156
9299,-155
9300,-156
9301,-157
9302,-156
9303,-155
9304,-156
9305,-155
9306,-154
9307,-155
9308,-154
9309,-155
9310,-154
9311,-155
9312,-154
9313,-155
9314,-154
9315,-154
9316,-155
9317,-156
9318,-155
9319,-154
9320,-155
9321,-156
9322,-155
9323,-156
9324,-157
9325,-156
9326,-155
9327,-156
9328,-157
9329,-156
9330,-155
9331,-154
9332,-152
9333,-152
9334,-153
9335,-154
9336,-155
9337,-154
9338,-155
9339,-156
9340,-154
9341,-155
9342,-153
9343,-152
9344,-153
9345,-154
9346,-152
9347,-153
9348,-154
9349,-155
9350,-156
9351,-155
9352,-156
9353,-157
9354,-158
9355,-159
9356,-160
9357,-160
9358,-160
9359,-161
9360,-160
9361,-159
9362,-159
9363,-160
9364,-159
9365,-158
9366,-158
9367,-159
9368,-158
9369,-159
9370,-160
9371,-159
9372,-158
9373,-159
9374,-160
9375,-161
9376,-162
9377,-161
9378,-161
9379,-162
9380,-163
9381,-164
9382,-165
9383,-166
9384,-167
9385,-168
9386,-167
9387,-167
9388,-167
9389,-168
9390,-167
9391,-165
9392,-164
9393,-165
9394,-166
9395,-166
9396,-167
9397,-168
9398,-167
9399,-166
9400,-167
9401,-168
9402,-167
9403,-166
9404,-167
9405,-168
9406,-169
9407,-170
9408,-171
9409,-172
9410,-171
9411,-170
9412,-171
9413,-172
9414,-173
9415,-174
9416,-174
9417,-174
9418,-175
9419,-176
9420,-177
9421,-176
9422,-175
9423,-173
9424,-174
9425,-175
9426,-176
9427,-176
9428,-177
9429,-178
9430,-179
9431,-180
9432,-181
9433,-180
9434,-181
9435,-181
9436,-182
9437,-181
9438,-180
9439,-179
9440,-178
9441,-177
9442,-178
9443,-179
9444,-177
9445,-176
9446,-177
9447,-178
9448,-179
9449,-178
9450,-177
9451,-176
9452,-177
9453,-176
9454,-177
9455,-176
9456,-177
9457,-175
9458,-173
9459,-174
9460,-173
9461,-172
9462,-171
9463,-170
9464,-171
9465,-170
9466,-169
9467,-168
9468,-166
9469,-165
9470,-164
9471,-163
9472,-163
9473,-162
9474,-161
9475,-162
9476,-163
9477,-162
9478,-163
9479,-162
9480,-161
9481,-160
9482,-159
9483,-158
9484,-157
9485,-158
9486,-157
9487,-158
9488,-159
9489,-160
9490,-160
9491,-159
9492,-158
9493,-159
9494,-160
9495,-159
9496,-159
9497,-158
9498,-159
9499,-159
9500,-158
9501,-159
9502,-160
9503,-161
9504,-162
9505,-163
9506,-162
9507,-161
9508,-162
9509,-161
9510,-162
9511,-161
9512,-162
9513,-163
9514,-164
9515,-163
9516,-162
9517,-163
9518,-164
9519,-165
9520,-164
9521,-165
9522,-164
9523,-162
9524,-163
9525,-164
9526,-163
9527,-164
9528,-162
9529,-162
9530,-161
9531,-162
9532,-163
9533,-162
9534,-161
9535,-160
9536,-160
9537,-161
9538,-162
9539,-163
9540,-164
9541,-163
9542,-164
9543,-165
9544,-166
9545,-167
9546,-166
9547,-167
9548,-168
9549,-169
9550,-170
9551,-169
9552,-170
9553,-171
9554,-172
9555,-173
9556,-172
9557,-171
9558,-172
9559,-173
9560,-172
9561,-172
9562,-173
9563,-174
9564,-173
9565,-174
9566,-175
9567,-174
9568,-174
9569,-174
9570,-173
9571,-172
9572,-170
9573,-169
9574,-168
9575,-167
9576,-166
9577,-167
9578,-168
9579,-168
9580,-167
9581,-166
9582,-167
9583,-168
9584,-169
9585,-170
9586,-171
9587,-172
9588,-171
9589,-172
9590,-170
9591,-169
9592,-167
9593,-166
9594,-165
9595,-166
9596,-167
9597,-168
9598,-166
9599,-167
9600,-166
9601,-165
9602,-166
9603,-165
9604,-164
9605,-163
9606,-162
9607,-163
9608,-164
9609,-163
9610,-164
9611,-165
9612,-164
9613,-165
9614,-166
9615,-167
9616,-167
9617,-166
9618,-167
9619,-168
9620,-169
9621,-169
9622,-168
9623,-169
9624,-170
9625,-171
9626,-170
9627,-171
9628,-172
9629,-172
9630,-171
9631,-172
9632,-170
9633,-169
9634,-168
9635,-169
9636,-170
9637,-171
9638,-172
9639,-172
9640,-172
9641,-171
9642,-172
9643,-172
9644,-171
9645,-171
9646,-170
9647,-169
9648,-168
9649,-166
9650,-165
9651,-165
9652,-166
9653,-167
9654,-168
9655,-169
9656,-168
9657,-169
9658,-168
9659,-167
9660,-168
9661,-167
9662,-168
9663,-169
9664,-170
9665,-171
9666,-169
9667,-168
9668,-169
9669,-170
9670,-170
9671,-169
9672,-168
9673,-169
9674,-170
9675,-171
9676,-170
9677,-171
9678,-172
9679,-171
9680,-170
9681,-171
9682,-170
9683,-171
9684,-170
9685,-169
9686,-168
9687,-169
9688,-170
9689,-169
9690,-170
9691,-171
9692,-172
9693,-170
9694,-169
9695,-168
9696,-169
9697,-168
9698,-169
9699,-168
9700,-166
9701,-167
9702,-168
9703,-167
9704,-168
9705,-169
9706,-168
9707,-169
9708,-170
9709,-171
9710,-172
9711,-173
9712,-174
9713,-173
9714,-172
9715,-171
9716,-170
9717,-171
9718,-170
9719,-170
9720,-169
9721,-168
9722,-169
9723,-169
9724,-168
9725,-167
9726,-168
9727,-167
9728,-168
9729,-169
9730,-167
9731,-166
9732,-165
9733,-164
9734,-163
9735,-162
9736,-161
9737,-160
9738,-159
9739,-158
9740,-159
9741,-160
9742,-161
9743,-160
9744,-159
9745,-160
9746,-159
9747,-157
9748,-157
9749,-156
9750,-155
9751,-154
9752,-153
9753,-154
9754,-155
9755,-156
9756,-155
9757,-156
9758,-157
9759,-158
9760,-157
9761,-157
9762,-156
9763,-157
9764,-155
9765,-156
9766,-155
9767,-156
9768,-157
9769,-158
9770,-159
9771,-158
9772,-158
9773,-158
9774,-159
9775,-160
9776,-161
9777,-162
9778,-163
9779,-164
9780,-165
9781,-165
9782,-166
9783,-167
9784,-166
9785,-166
9786,-166
9787,-167
9788,-168
9789,-168
9790,-169
9791,-168
9792,-169
9793,-170
9794,-171
9795,-170
9796,-168
9797,-169
9798,-168
9799,-167
9800,-166
9801,-166
9802,-165
9803,-164
9804,-163
9805,-162
9806,-161
9807,-161
9808,-160
9809,-161
9810,-162
9811,-163
9812,-163
9813,-164
9814,-165
9815,-166
9816,-166
9817,-165
9818,-166
9819,-167
9820,-168
9821,-167
9822,-166
9823,-164
9824,-164
9825,-165
9826,-166
9827,-167
9828,-168
9829,-166
9830,-167
9831,-168
9832,-167
9833,-166
9834,-167
9835,-168
9836,-169
9837,-169
9838,-170
9839,-171
9840,-170
9841,-171
9842,-172
9843,-171
9844,-172
9845,-173
9846,-174
9847,-175
9848,-176
9849,-175
9850,-174
9851,-174
9852,-173
9853,-172
9854,-173
9855,-174
9856,-175
9857,-174
9858,-175
9859,-176
9860,-175
9861,-174
9862,-173
9863,-172
9864,-171
9865,-172
9866,-172
9867,-173
9868,-174
9869,-175
9870,-176
9871,-177
9872,-177
9873,-177
9874,-176
9875,-175
9876,-176
9877,-175
9878,-174
9879,-173
9880,-172
9881,-173
9882,-172
9883,-171
9884,-170
9885,-171
9886,-172
9887,-172
9888,-173
9889,-174
9890,-173
9891,-172
9892,-173
9893,-174
9894,-173
9895,-172
9896,-173
9897,-172
9898,-172
9899,-172
9900,-173
9901,-172
9902,-173
9903,-174
9904,-175
9905,-174
9906,-173
9907,-174
9908,-175
9909,-174
9910,-175
9911,-176
9912,-177
9913,-178
9914,-179
9915,-180
9916,-181
9917,-182
9918,-181
9919,-181
9920,-182
9921,-181
9922,-180
9923,-180
9924,-179
9925,-178
9926,-177
9927,-178
9928,-179
9929,-180
9930,-181
9931,-182
9932,-183
9933,-183
9934,-184
9935,-185
9936,-186
9937,-187
9938,-188
9939,-189
9940,-190
9941,-191
9942,-192
9943,-193
9944,-192
9945,-190
9946,-191
9947,-192
9948,-191
9949,-190
9950,-191
9951,-189
9952,-188
9953,-187
9954,-188
9955,-188
9956,-189
9957,-187
9958,-188
9959,-189
9960,-190
9961,-188
9962,-187
9963,-188
9964,-187
9965,-188
9966,-189
9967,-188
9968,-189
9969,-188
9970,-187
9971,-186
9972,-187
9973,-186
9974,-185
9975,-185
9976,-186
9977,-185
9978,-184
9979,-184
9980,-183
9981,-184
9982,-183
9983,-183
9984,-184
9985,-182
9986,-183
9987,-184
9988,-183
9989,-184
9990,-185
9991,-185
9992,-184
9993,-183
9994,-183
9995,-181
9996,-179
9997,-180
9998,-179
9999,-178
